0.00000 49.62748 51.90000
0.12000 49.67154 51.80147
0.24000 49.71774 51.72715
0.36000 49.84066 51.68251
0.48000 50.00303 51.26447
0.60000 50.13980 50.85917
0.72000 50.27011 50.44368
0.84000 50.39709 50.02493
0.96000 50.52235 49.60566
1.08000 50.64644 49.18597
1.20000 50.76939 48.76659
1.32000 50.89106 48.34782
1.44000 51.01110 47.92968
1.56000 51.13017 47.51203
1.68000 51.24809 47.09467
1.80000 51.36510 46.67750
1.92000 51.48131 46.26039
2.04000 51.59637 45.84322
2.16000 51.71109 45.42582
2.28000 51.82486 45.00822
2.40000 51.93869 44.59002
2.52000 52.05222 44.17134
2.64000 52.16503 43.75247
2.76000 52.27728 43.33342
2.88000 52.38859 42.91427
3.00000 52.49949 42.49501
3.12000 52.60920 42.07578
3.24000 52.71830 41.65640
3.36000 52.82642 41.23690
3.48000 52.93414 40.81717
3.60000 53.04137 40.39717
3.72000 53.14906 39.97642
3.84000 53.25621 39.55556
3.96000 53.36271 39.13465
4.08000 53.46878 38.71368
4.20000 53.57407 38.29271
4.32000 53.67904 37.87170
4.44000 53.78315 37.45070
4.56000 53.88708 37.02959
4.68000 53.99026 36.60843
4.80000 54.09409 36.18665
4.92000 54.19763 35.76459
5.04000 54.30109 35.34247
5.16000 54.40369 34.92045
5.28000 54.50613 34.49842
5.40000 54.60774 34.07650
5.52000 54.70912 33.65459
5.64000 54.80961 33.23275
5.76000 54.91012 32.81067
5.88000 55.01081 32.38801
6.00000 55.11231 31.96492
6.12000 55.21321 31.54195
6.24000 55.31404 31.11900
6.36000 55.41412 30.69623
6.48000 55.51406 30.27350
6.60000 55.61329 29.85090
6.72000 55.71247 29.42826
6.84000 55.81107 29.00565
6.96000 55.91062 28.58234
7.08000 56.00979 28.15898
7.20000 56.10877 27.73568
7.32000 56.20700 27.31246
7.44000 56.30536 26.88911
7.56000 56.40319 26.46593
7.68000 56.50118 26.04275
7.80000 56.59851 25.61967
7.92000 56.69624 25.19636
8.04000 56.79440 24.77247
8.16000 56.89262 24.34861
8.28000 56.99006 23.92498
8.40000 57.08728 23.50146
8.52000 57.18379 23.07802
8.64000 57.28048 22.65444
8.76000 57.37684 22.23097
8.88000 57.47333 21.80749
9.00000 57.57025 21.38348
9.12000 57.66751 20.95927
9.24000 57.76429 20.53521
9.36000 57.86074 20.11135
9.48000 57.95659 19.68762
9.60000 58.05228 19.26387
9.72000 58.14786 18.84008
9.84000 58.24340 18.41638
9.96000 58.33923 17.99241
10.08000 58.43565 17.56794
10.20000 58.53188 17.14357
10.32000 58.62754 16.71946
10.44000 58.72290 16.29545
10.56000 58.81782 15.87148
10.68000 58.91290 15.44745
10.80000 59.00765 15.02359
10.92000 59.10264 14.59965
11.04000 59.19830 14.17502
11.16000 59.29408 13.75043
11.28000 59.38905 13.32615
11.40000 59.48388 12.90193
11.52000 59.57827 12.47773
11.64000 59.67287 12.05351
11.76000 59.76718 11.62948
11.88000 59.86146 11.20546
12.00000 59.95644 10.78083
12.12000 60.05142 10.35619
12.24000 60.14594 9.93167
12.36000 60.24028 9.50715
12.48000 60.33462 9.08265
12.60000 60.42873 8.65840
12.72000 60.52277 8.23422
12.84000 60.61639 7.81018
12.96000 60.71073 7.38561
13.08000 60.80495 6.96087
13.20000 60.89938 6.53604
13.32000 60.99339 6.11130
13.44000 61.08765 5.68673
13.56000 61.18129 5.26241
13.68000 61.27491 4.83817
13.80000 61.36801 4.41409
13.92000 61.46148 3.98964
14.04000 61.55553 3.56460
14.16000 61.64970 3.13953
14.28000 61.74376 2.71472
14.40000 61.83746 2.29012
14.52000 61.93093 1.86571
14.64000 62.02238 1.44254
14.76000 62.07059 1.04837
14.88000 61.92352 0.78930
15.00000 61.65582 0.59237
15.12000 61.28832 0.21970
