0.00000 49.64244 51.90000
0.12000 49.67962 51.82159
0.24000 49.72131 51.76910
0.36000 49.82633 51.76493
0.48000 50.00434 51.38212
0.60000 50.16202 51.00987
0.72000 50.32574 50.62556
0.84000 50.50017 50.23546
0.96000 50.68593 49.84301
1.08000 50.88305 49.44956
1.20000 51.09118 49.05584
1.32000 51.30941 48.66250
1.44000 51.53638 48.27017
1.56000 51.77047 47.87931
1.68000 52.01030 47.49015
1.80000 52.25489 47.10273
1.92000 52.50297 46.71697
2.04000 52.75377 46.33272
2.16000 53.00678 45.94974
2.28000 53.26173 45.56794
2.40000 53.51786 45.18713
2.52000 53.77536 44.80696
2.64000 54.03469 44.42707
2.76000 54.29469 44.04780
2.88000 54.55490 43.66902
3.00000 54.81534 43.29069
3.12000 55.07608 42.91279
3.24000 55.33671 42.53527
3.36000 55.59728 42.15802
3.48000 55.85817 41.78110
3.60000 56.11914 41.40430
3.72000 56.38115 41.02717
3.84000 56.64338 40.65017
3.96000 56.90546 40.27333
4.08000 57.16721 39.89666
4.20000 57.42889 39.52013
4.32000 57.69046 39.14381
4.44000 57.95169 38.76764
4.56000 58.21280 38.39157
4.68000 58.47500 38.01524
4.80000 58.73741 37.63874
4.92000 58.99957 37.26226
5.04000 59.26188 36.88590
5.16000 59.52376 36.50969
5.28000 59.78526 36.13358
5.40000 60.04682 35.75756
5.52000 60.30815 35.38169
5.64000 60.56961 35.00575
5.76000 60.83228 34.62933
5.88000 61.09488 34.25302
6.00000 61.35708 33.87675
6.12000 61.61903 33.50058
6.24000 61.88087 33.12453
6.36000 62.14226 32.74858
6.48000 62.40345 32.37271
6.60000 62.66486 31.99689
6.72000 62.92735 31.62067
6.84000 63.18978 31.24436
6.96000 63.45230 30.86809
7.08000 63.71445 30.49195
7.20000 63.97616 30.11590
7.32000 64.23779 29.73994
7.44000 64.49920 29.36410
7.56000 64.76030 28.98832
7.68000 65.02221 28.61227
7.80000 65.28487 28.23595
7.92000 65.54723 27.85970
8.04000 65.80932 27.48347
8.16000 66.07144 27.10736
8.28000 66.33313 26.73140
8.40000 66.59449 26.35551
8.52000 66.85600 25.97972
8.64000 67.11753 25.60391
8.76000 67.38008 25.22763
8.88000 67.64269 24.85136
9.00000 67.90501 24.47518
9.12000 68.16690 24.09906
9.24000 68.42867 23.72301
9.36000 68.69030 23.34710
9.48000 68.95159 22.97129
9.60000 69.21277 22.59550
9.72000 69.47533 22.21932
9.84000 69.73790 21.84306
9.96000 70.00015 21.46678
10.08000 70.26253 21.09063
10.20000 70.52441 20.71459
10.32000 70.78590 20.33866
10.44000 71.04739 19.96280
10.56000 71.30865 19.58705
10.68000 71.57037 19.21106
10.80000 71.83300 18.83471
10.92000 72.09554 18.45847
11.04000 72.35771 18.08229
11.16000 72.61965 17.70617
11.28000 72.88151 17.33021
11.40000 73.14291 16.95435
11.52000 73.40408 16.57856
11.64000 73.66561 16.20276
11.76000 73.92819 15.82647
11.88000 74.19053 15.45019
12.00000 74.45293 15.07395
12.12000 74.71500 14.69784
12.24000 74.97664 14.32181
12.36000 75.23825 13.94586
12.48000 75.49971 13.57007
12.60000 75.76086 13.19431
12.72000 76.02322 12.81814
12.84000 76.28597 12.44186
12.96000 76.54836 12.06564
13.08000 76.81046 11.68948
13.20000 77.07249 11.31345
13.32000 77.33404 10.93753
13.44000 77.59528 10.56165
13.56000 77.85671 10.18587
13.68000 78.11854 9.80993
13.80000 78.38100 9.43361
13.92000 78.64359 9.05733
14.04000 78.90591 8.68116
14.16000 79.16781 8.30506
14.28000 79.42959 7.92906
14.40000 79.69120 7.55318
14.52000 79.95248 7.17741
14.64000 80.21373 6.80161
14.76000 80.47649 6.42534
14.88000 80.73891 6.04908
15.00000 81.00104 5.67282
15.12000 81.26330 5.29668
15.24000 81.52512 4.92066
15.36000 81.78658 4.54473
15.48000 82.04810 4.16891
15.60000 82.30939 3.79318
15.72000 82.57155 3.41707
15.84000 82.83413 3.04078
15.96000 83.09656 2.66456
16.08000 83.35859 2.28840
16.20000 83.62041 1.91230
16.32000 83.88188 1.53646
16.44000 84.13295 1.16404
16.56000 84.24593 0.83985
16.68000 84.08942 0.61665
16.80000 83.82555 0.29874
