0.00000 49.63193 51.90000
0.12000 49.63833 51.79496
0.24000 49.63421 51.64216
0.36000 49.62442 51.47625
0.48000 49.61011 51.29110
0.60000 49.58266 51.11229
0.72000 49.54615 50.99855
0.72000 49.54615 50.99856
0.84000 49.51742 50.89254
0.84000 49.51742 50.89258
0.96000 49.49165 50.76890
1.08000 49.46365 50.62465
1.20000 49.42971 50.45941
1.32000 49.38270 50.27401
1.44000 49.31300 50.07798
1.56000 49.22569 49.89370
1.68000 49.11982 49.72904
1.80000 48.99707 49.59283
1.92000 48.86133 49.48932
2.04000 48.71705 49.42259
2.16000 48.57268 49.39442
2.28000 48.43651 49.40302
2.40000 48.31590 49.44379
2.52000 48.21909 49.51094
2.64000 48.14888 49.59575
2.76000 48.10857 49.68942
2.88000 48.09684 49.78454
3.00000 48.11090 49.87468
3.12000 48.14769 49.95436
3.24000 48.20317 50.02228
3.36000 48.27443 50.07656
3.48000 48.36034 50.11666
3.60000 48.46136 50.14214
3.72000 48.57639 50.14967
3.84000 48.70361 50.13594
3.96000 48.83741 50.09760
4.08000 48.97103 50.03402
4.20000 49.09880 49.94694
4.32000 49.21275 49.83934
4.44000 49.30767 49.71663
4.56000 49.37957 49.58198
4.68000 49.42570 49.44115
4.80000 49.44438 49.29934
4.92000 49.43539 49.16188
5.04000 49.40013 49.03426
5.16000 49.34128 48.92021
5.28000 49.26180 48.82626
5.40000 49.16675 48.75417
5.52000 49.06219 48.70815
5.64000 48.95332 48.68858
5.76000 48.84702 48.69554
5.88000 48.74888 48.72724
6.00000 48.66521 48.78091
6.12000 48.59851 48.85239
6.24000 48.55196 48.93646
6.36000 48.52675 49.02978
6.48000 48.52288 49.12880
6.60000 48.54082 49.23042
6.72000 48.58103 49.33104
6.84000 48.64367 49.42770
6.96000 48.72752 49.51460
7.08000 48.83198 49.58826
7.20000 48.95217 49.64404
7.32000 49.08419 49.67809
7.44000 49.22241 49.68811
7.56000 49.36126 49.67343
7.68000 49.49553 49.63418
7.80000 49.61947 49.57137
7.92000 49.72832 49.48866
8.04000 49.81918 49.38737
8.16000 49.88766 49.27338
8.28000 49.93164 49.15002
8.40000 49.94961 49.02327
8.52000 49.94155 48.89850
8.64000 49.90769 48.78220
8.76000 49.85109 48.67959
8.88000 49.77446 48.59508
9.00000 49.68411 48.53288
9.12000 49.58448 48.49571
9.24000 49.48154 48.48368
9.36000 49.38112 48.49679
9.48000 49.28807 48.53296
9.60000 49.20650 48.59020
9.72000 49.13846 48.66479
9.84000 49.08780 48.75441
9.96000 49.05542 48.85675
10.08000 49.04398 48.96793
10.20000 49.05500 49.08451
10.32000 49.09016 49.20088
10.44000 49.14857 49.31295
10.56000 49.23000 49.41534
10.68000 49.33018 49.50266
10.80000 49.44719 49.57137
10.92000 49.57544 49.61829
11.04000 49.71004 49.64113
11.16000 49.84590 49.63852
11.28000 49.97726 49.61057
11.40000 50.09994 49.55928
11.52000 50.20799 49.48589
11.64000 50.29736 49.39471
11.76000 50.36483 49.28909
11.88000 50.40779 49.17421
12.00000 50.42437 49.05651
12.12000 50.41456 48.94108
12.24000 50.37954 48.83467
12.36000 50.32270 48.74127
12.48000 50.24745 48.66706
12.60000 50.15803 48.61328
12.72000 50.06030 48.58249
12.84000 49.95871 48.57550
12.96000 49.85782 48.59200
13.08000 49.76123 48.63079
13.20000 49.67362 48.69060
13.32000 49.59747 48.77037
13.44000 49.53654 48.86693
13.56000 49.49476 48.97775
13.68000 49.47412 49.09947
13.80000 49.47729 49.22645
13.92000 49.50486 49.35347
14.04000 49.55647 49.47560
14.16000 49.63092 49.58658
14.28000 49.72432 49.68288
14.40000 49.83436 49.75950
14.52000 49.95638 49.81440
14.64000 50.08491 49.84465
14.76000 50.21503 49.84895
14.88000 50.34151 49.82787
15.00000 50.45907 49.78233
15.12000 50.56142 49.71502
15.24000 50.64590 49.62926
15.36000 50.70741 49.53001
15.48000 50.74429 49.42199
15.60000 50.75565 49.31099
15.72000 50.74099 49.20362
15.84000 50.70289 49.10434
15.96000 50.64312 49.01896
16.08000 50.56600 48.94946
16.20000 50.47550 48.90013
16.32000 50.37489 48.87166
16.44000 50.26842 48.86528
16.56000 50.16020 48.88188
16.68000 50.05499 48.92162
16.80000 49.95610 48.98392
16.92000 49.86925 49.06688
17.04000 49.79744 49.16872
17.16000 49.74498 49.28468
17.28000 49.71515 49.41088
17.40000 49.70914 49.54261
17.52000 49.72802 49.67412
17.64000 49.77179 49.79919
17.76000 49.83761 49.91395
17.88000 49.92398 50.01321
18.00000 50.02626 50.09262
18.12000 50.14107 50.14954
18.24000 50.26338 50.18193
18.36000 50.38675 50.18798
18.48000 50.50643 50.16870
18.60000 50.61619 50.12473
18.72000 50.71107 50.05957
18.84000 50.78707 49.97602
18.96000 50.84124 49.88009
19.08000 50.87076 49.77642
19.20000 50.87559 49.67021
19.32000 50.85596 49.56678
19.44000 50.81337 49.47125
19.56000 50.75008 49.38684
19.68000 50.66948 49.31771
19.80000 50.57363 49.26651
19.92000 50.46609 49.23507
20.04000 50.35109 49.22587
20.16000 50.23348 49.24038
20.28000 50.11718 49.27851
20.40000 50.00866 49.34034
20.52000 49.91134 49.42321
20.64000 49.83073 49.52468
20.76000 49.76956 49.64089
20.88000 49.73166 49.76646
21.00000 49.71808 49.89741
21.12000 49.73008 50.02765
21.24000 49.76677 50.15172
21.36000 49.82652 50.26541
21.48000 49.90651 50.36233
21.60000 50.00338 50.44036
21.72000 50.11176 50.49496
21.84000 50.22733 50.52452
21.96000 50.34409 50.52829
22.08000 50.45637 50.50659
22.20000 50.55781 50.46091
22.32000 50.64527 50.39448
22.44000 50.71325 50.31166
22.56000 50.76005 50.21611
22.68000 50.78428 50.11270
22.80000 50.78440 50.00687
22.92000 50.76146 49.90219
23.04000 50.71550 49.80393
23.16000 50.64886 49.71516
23.28000 50.56277 49.64062
23.40000 50.46046 49.58261
23.52000 50.34603 49.54534
23.64000 50.22353 49.53100
23.76000 50.09744 49.54054
23.88000 49.97399 49.57499
24.00000 49.85833 49.63271
24.12000 49.75458 49.71189
24.24000 49.66877 49.80935
24.36000 49.60254 49.92193
24.48000 49.55987 50.04368
24.60000 49.54242 50.17020
24.72000 49.55032 50.29653
24.84000 49.58377 50.41630
24.96000 49.63992 50.52465
25.08000 49.71662 50.61708
25.20000 49.80914 50.68890
25.32000 49.91332 50.73773
25.44000 50.02384 50.76173
25.56000 50.13469 50.76031
25.68000 50.24060 50.73416
25.80000 50.33596 50.68520
25.92000 50.41768 50.61602
26.04000 50.48164 50.53093
26.16000 50.52523 50.43311
26.28000 50.54742 50.32632
26.40000 50.54629 50.21564
26.52000 50.52200 50.10468
26.64000 50.47401 49.99915
26.76000 50.40441 49.90262
26.88000 50.31467 49.81992
27.00000 50.20857 49.75464
27.12000 50.08993 49.71053
27.24000 49.96325 49.68984
27.36000 49.83412 49.69380
27.48000 49.70745 49.72236
27.60000 49.58949 49.77528
27.72000 49.48438 49.84919
27.84000 49.39652 49.94220
27.96000 49.32970 50.04902
28.08000 49.28682 50.16578
28.20000 49.26886 50.28750
28.32000 49.27707 50.40771
28.44000 49.30985 50.52146
28.56000 49.36600 50.62317
28.68000 49.44138 50.70803
28.80000 49.53251 50.77266
28.92000 49.63448 50.81491
29.04000 49.74150 50.83256
29.16000 49.84920 50.82564
29.28000 49.95193 50.79467
29.40000 50.04628 50.74192
29.52000 50.12666 50.66943
29.64000 50.19136 50.57938
29.76000 50.23700 50.47633
29.88000 50.26073 50.36358
30.00000 50.26120 50.24550
30.12000 50.23770 50.12667
30.24000 50.18990 50.01326
30.36000 50.12040 49.90883
30.48000 50.03038 49.81948
30.60000 49.92405 49.74767
30.72000 49.80568 49.69824
30.84000 49.67927 49.67213
30.96000 49.55072 49.67128
31.08000 49.42589 49.69571
31.20000 49.30904 49.74385
31.32000 49.20626 49.81442
31.44000 49.12082 49.90250
31.56000 49.05744 50.00528
31.68000 49.01730 50.11771
31.80000 49.00291 50.23382
31.92000 49.01414 50.34783
32.04000 49.04966 50.45504
32.16000 49.10744 50.54916
32.28000 49.18429 50.62769
32.40000 49.27546 50.68603
32.52000 49.37717 50.72227
32.64000 49.48501 50.73561
32.76000 49.59346 50.72480
32.88000 49.69885 50.69098
33.00000 49.79565 50.63428
33.12000 49.88101 50.55766
33.24000 49.94975 50.46323
33.36000 49.99993 50.35381
33.48000 50.02784 50.23514
33.60000 50.03207 50.11071
33.72000 50.01128 49.98656
33.84000 49.96676 49.86749
33.96000 49.89956 49.75845
34.08000 49.81248 49.66539
34.20000 49.70838 49.59012
34.32000 49.59301 49.53762
34.44000 49.47006 49.50918
34.56000 49.34502 49.50619
34.68000 49.22409 49.52879
34.80000 49.11161 49.57519
34.92000 49.01374 49.64355
35.04000 48.93362 49.72934
35.16000 48.87580 49.82901
35.28000 48.84149 49.93749
35.40000 48.83225 50.04928
35.52000 48.84816 50.15841
35.64000 48.88752 50.26072
35.76000 48.94852 50.35016
35.88000 49.02813 50.42495
36.00000 49.12191 50.48031
36.12000 49.22684 50.51455
36.24000 49.33851 50.52625
36.36000 49.45231 50.51432
36.48000 49.56276 50.47846
36.60000 49.66642 50.41985
36.72000 49.75726 50.34022
36.84000 49.83268 50.24242
36.96000 49.88783 50.13054
37.08000 49.92033 50.00860
37.20000 49.92899 49.88133
37.32000 49.91248 49.75471
37.44000 49.87145 49.63447
37.56000 49.80777 49.52444
37.68000 49.72407 49.43060
37.80000 49.62407 49.35557
37.92000 49.51243 49.30352
38.04000 49.39378 49.27618
38.16000 49.27350 49.27404
38.28000 49.15754 49.29740
38.40000 49.05179 49.34461
38.52000 48.95966 49.41301
38.64000 48.88682 49.49818
38.76000 48.83528 49.59679
38.88000 48.80677 49.70359
39.00000 48.80311 49.81288
39.12000 48.82341 49.92024
39.24000 48.86694 50.02085
39.36000 48.93139 50.11010
39.48000 49.01500 50.18460
39.60000 49.11353 50.24152
39.72000 49.22352 50.27705
39.84000 49.34101 50.28993
39.96000 49.46112 50.27882
40.08000 49.57787 50.24318
40.20000 49.68759 50.18459
40.32000 49.78409 50.10468
40.44000 49.86416 50.00697
40.56000 49.92352 49.89503
40.68000 49.95993 49.77314
40.80000 49.97168 49.64692
40.92000 49.95830 49.52150
41.04000 49.91991 49.40302
41.16000 49.85931 49.29554
41.28000 49.77802 49.20428
41.40000 49.68163 49.13268
41.52000 49.57353 49.08442
41.64000 49.45901 49.06056
41.76000 49.34369 49.06213
41.88000 49.23375 49.08880
42.00000 49.13315 49.13838
42.12000 49.04799 49.20860
42.24000 48.97987 49.29545
42.36000 48.93335 49.39441
42.48000 48.90931 49.50172
42.60000 48.90917 49.61238
42.72000 48.93265 49.72185
42.84000 48.97960 49.82526
42.96000 49.04770 49.91798
43.08000 49.13530 49.99639
43.20000 49.23831 50.05681
43.32000 49.35320 50.09579
43.44000 49.47581 50.11174
43.56000 49.60007 50.10285
43.68000 49.72158 50.06987
43.80000 49.83460 50.01297
43.92000 49.93392 49.93535
44.04000 50.01640 49.83924
44.16000 50.07763 49.72979
44.28000 50.11512 49.61092
44.40000 50.12803 49.48753
44.52000 50.11520 49.36580
44.64000 50.07779 49.25131
44.76000 50.01768 49.14824
44.88000 49.93832 49.06250
45.00000 49.84304 48.99631
45.12000 49.73767 48.95317
45.24000 49.62679 48.93486
45.36000 49.51523 48.94119
45.48000 49.40928 48.97227
45.60000 49.31245 49.02536
45.72000 49.23043 49.09842
45.84000 49.16505 49.18812
45.96000 49.12029 49.29029
46.08000 49.09793 49.40114
46.20000 49.09873 49.51642
46.32000 49.12381 49.63070
46.44000 49.17237 49.73891
46.56000 49.24296 49.83749
46.68000 49.33241 49.92027
46.80000 49.43863 49.98504
46.92000 49.55603 50.02821
47.04000 49.68040 50.04751
47.16000 49.80616 50.04156
47.28000 49.92853 50.01112
47.40000 50.04210 49.95706
47.52000 50.14096 49.88209
47.64000 50.22275 49.78867
47.76000 50.28268 49.68240
47.88000 50.31870 49.56688
48.00000 50.32964 49.44780
48.12000 50.31529 49.33053
48.24000 50.27620 49.22148
48.36000 50.21529 49.12418
48.48000 50.13548 49.04440
48.60000 50.04071 48.98404
48.72000 49.93622 48.94656
48.84000 49.82653 48.93326
48.96000 49.71612 48.94400
49.08000 49.61103 48.97898
49.20000 49.51443 49.03567
49.32000 49.43204 49.11240
49.44000 49.36575 49.20620
49.56000 49.31984 49.31285
49.68000 49.29631 49.42879
49.80000 49.29649 49.54904
49.92000 49.32098 49.66871
50.04000 49.36971 49.78159
50.16000 49.44010 49.88445
50.28000 49.53004 49.97110
50.40000 49.63586 50.03936
50.52000 49.75264 50.08487
50.64000 49.87637 50.10640
50.76000 50.00088 50.10240
50.88000 50.12149 50.07389
51.00000 50.23245 50.02134
51.12000 50.32859 49.94814
51.24000 50.40678 49.85698
51.36000 50.46303 49.75326
51.48000 50.49505 49.64125
51.60000 50.50222 49.52598
51.72000 50.48393 49.41383
51.84000 50.44220 49.30902
51.96000 50.37849 49.21747
52.08000 50.29715 49.14176
52.20000 50.20141 49.08664
52.32000 50.09524 49.05294
52.44000 49.98374 49.04285
52.56000 49.87153 49.05659
52.68000 49.76340 49.09408
52.80000 49.66467 49.15396
52.92000 49.57812 49.23447
53.04000 49.50918 49.33146
53.16000 49.46041 49.44248
53.28000 49.43421 49.56252
53.40000 49.43214 49.68671
53.52000 49.45512 49.80909
53.64000 49.50167 49.92514
53.76000 49.57086 50.02983
53.88000 49.65888 50.11807
54.00000 49.76301 50.18687
54.12000 49.87788 50.23328
54.24000 49.99842 50.25455
54.36000 50.12009 50.25085
54.48000 50.23679 50.22179
54.60000 50.34292 50.16948
54.72000