0.00000 24.84560 25.95000
0.03000 24.84529 25.94924
0.06000 24.84475 25.94790
0.09000 24.84416 25.94649
0.12000 24.84354 25.94520
0.15000 24.84290 25.94414
0.18000 24.84225 25.94340
0.21000 24.84161 25.94304
0.24000 24.84100 25.94314
0.27000 24.84042 25.94374
0.30000 24.83990 25.94493
0.33000 24.83946 25.94676
0.36000 24.83912 25.94931
0.39000 24.83893 25.95268
0.42000 24.83892 25.95696
0.45000 24.83913 25.96226
0.48000 24.83964 25.96870
0.51000 24.84050 25.97644
0.54000 24.84180 25.98564
0.57000 24.84364 25.99648
0.60000 24.84614 26.00922
0.63000 24.84945 26.02413
0.66000 24.85374 26.04151
0.69000 24.85922 26.06175
0.72000 24.86616 26.08527
0.75000 24.87483 26.11267
0.78000 24.88570 26.14434
0.81000 24.89960 26.17942
0.84000 24.92590 26.17927
0.87000 24.95852 26.15205
0.90000 24.99272 26.10814
0.93000 25.02360 26.07982
0.96000 25.05376 26.05621
0.99000 25.08393 26.03244
1.02000 25.11421 26.00838
1.05000 25.14468 25.98400
1.08000 25.17539 25.95894
1.11000 25.20633 25.93293
1.14000 25.23750 25.90574
1.17000 25.26864 25.87653
1.20000 25.29971 25.84565
1.23000 25.33070 25.81338
1.26000 25.36162 25.77975
1.29000 25.39240 25.74483
1.32000 25.42305 25.70875
1.35000 25.45361 25.67160
1.38000 25.48403 25.63340
1.41000 25.51433 25.59426
1.44000 25.54454 25.55428
1.47000 25.57466 25.51345
1.50000 25.60470 25.47187
1.53000 25.63469 25.42966
1.56000 25.66464 25.38680
1.59000 25.69458 25.34338
1.62000 25.72450 25.29948
1.65000 25.75451 25.25514
1.68000 25.78452 25.21038
1.71000 25.81466 25.16527
1.74000 25.84488 25.11988
1.77000 25.87524 25.07420
1.80000 25.90575 25.02829
1.83000 25.93645 24.98219
1.86000 25.96735 24.93592
1.89000 25.99843 24.88950
1.92000 26.02982 24.84297
1.95000 26.06140 24.79634
1.98000 26.09333 24.74962
2.01000 26.12549 24.70286
2.04000 26.15803 24.65606
2.07000 26.19080 24.60922
2.10000 26.22402 24.56238
2.13000 26.25750 24.51554
2.16000 26.29139 24.46871
2.19000 26.32563 24.42192
2.22000 26.36024 24.37516
2.25000 26.39523 24.32845
2.28000 26.43059 24.28182
2.31000 26.46636 24.23526
2.34000 26.50245 24.18878
2.37000 26.53902 24.14241
2.40000 26.57584 24.09614
2.43000 26.61318 24.05000
2.46000 26.65075 24.00400
2.49000 26.68880 23.95813
2.52000 26.72709 23.91243
2.55000 26.76579 23.86690
2.58000 26.80475 23.82155
2.61000 26.84404 23.77639
2.64000 26.88361 23.73144
2.67000 26.92338 23.68671
2.70000 26.96348 23.64221
2.73000 27.00364 23.59795
2.76000 27.04414 23.55395
2.79000 27.08464 23.51022
2.82000 27.12535 23.46676
2.85000 27.16607 23.42359
2.88000 27.20680 23.38073
2.91000 27.24759 23.33818
2.94000 27.28815 23.29595
2.97000 27.32885 23.25406
3.00000 27.36918 23.21251
3.03000 27.40942 23.17131
3.06000 27.44936 23.13048
3.09000 27.48889 23.09002
3.12000 27.52822 23.04994
3.15000 27.56691 23.01025
3.18000 27.60526 22.97095
3.21000 27.64300 22.93205
3.24000 27.68000 22.89356
3.27000 27.71656 22.85547
3.30000 27.75218 22.81779
3.33000 27.78707 22.78053
3.36000 27.82117 22.74368
3.39000 27.85417 22.70726
3.42000 27.88643 22.67123
3.45000 27.91761 22.63563
3.48000 27.94755 22.60044
3.51000 27.97673 22.56564
3.54000 28.00460 22.53125
3.57000 28.03118 22.49725
3.60000 28.05688 22.46363
3.63000 28.08121 22.43040
3.66000 28.10419 22.39752
3.69000 28.12623 22.36499
3.72000 28.14689 22.33281
3.75000 28.16617 22.30095
3.78000 28.18456 22.26941
3.81000 28.20161 22.23816
3.84000 28.21732 22.20719
3.87000 28.23214 22.17648
3.90000 28.24577 22.14602
3.93000 28.25818 22.11578
3.96000 28.26963 22.08575
3.99000 28.28016 22.05591
4.02000 28.28960 22.02623
4.05000 28.29801 21.99670
4.08000 28.30587 21.96730
4.11000 28.31277 21.93801
4.14000 28.31876 21.90881
4.17000 28.32420 21.87968
4.20000 28.32901 21.85060
4.23000 28.33308 21.82156
4.26000 28.33652 21.79254
4.29000 28.33972 21.76351
4.32000 28.34229 21.73446
4.35000 28.34435 21.70539
4.38000 28.34620 21.67627
4.41000 28.34760 21.64711
4.44000 28.34878 21.61785
4.47000 28.34966 21.58851
4.50000 28.35039 21.55908
4.53000 28.35087 21.52954
4.56000 28.35113 21.49988
4.59000 28.35143 21.47010
4.62000 28.35156 21.44018
4.65000 28.35156 21.41011
4.68000 28.35159 21.37989
4.71000 28.351