   2     1   0    0  1.8400959467E-001  5.6705003728E-001  1.1454246249E+000  8.3298879804E-001  6.8972202095E-001  9.2630371609E-001  1.6000000238E+000
   2     2   0    0  1.8566185508E-001  5.6412770703E-001  1.1454246249E+000  8.3285246320E-001  6.8953393192E-001  9.2644554107E-001  1.6019515593E+000
   2     3   0    0  1.8989841414E-001  5.6158489769E-001  1.1454246249E+000  8.3254181125E-001  6.8906890797E-001  9.2681185030E-001  1.6069481434E+000
   2     4   0    0  1.9492999916E-001  5.5962393974E-001  1.1454246249E+000  8.3219800893E-001  6.8852557239E-001  9.2718345428E-001  1.6128787758E+000
   2     5   0    0  2.0032315806E-001  5.5795346611E-001  1.1454246249E+000  8.3182105011E-001  6.8794353477E-001  9.2763701669E-001  1.6192323088E+000
   2     6   0    0  2.0593284485E-001  5.5644700309E-001  1.1454246249E+000  8.3143194963E-001  6.8734139691E-001  9.2817547431E-001  1.6258376707E+000
   2     7   0    0  2.1167851172E-001  5.5504030678E-001  1.1454246249E+000  8.3100646452E-001  6.8673828238E-001  9.2875264474E-001  1.6325998985E+000
   2     8   0    0  2.1751349084E-001  5.5369249740E-001  1.1454246249E+000  8.3061222009E-001  6.8612003490E-001  9.2927113503E-001  1.6394640228E+000
   2     9   0    0  2.2340852046E-001  5.5237371446E-001  1.1454246249E+000  8.3021475004E-001  6.8549797696E-001  9.2979533447E-001  1.6463956339E+000
   2    10  54   22  2.2934349849E-001  5.5105936541E-001  1.1454246249E+000  8.2982735190E-001  6.8487469371E-001  9.3041422984E-001  1.6533711568E+000
   2    11   0    0  2.3530306465E-001  5.4972666457E-001  1.1454246249E+000  8.2942263231E-001  6.8425064782E-001  9.3096305750E-001  1.6603726489E+000
   2    12   0    0  2.4127383208E-001  5.4835190274E-001  1.1454246249E+000  8.2901540540E-001  6.8362693857E-001  9.3151306406E-001  1.6673845496E+000
   2    13   0    0  2.4724210970E-001  5.4690751419E-001  1.1454246249E+000  8.2860322732E-001  6.8300502072E-001  9.3214349528E-001  1.6743910213E+000
   2    14   0    0  2.5319116406E-001  5.4535790543E-001  1.1454246249E+000  8.2819056619E-001  6.8238480931E-001  9.3270812032E-001  1.6813727713E+000
   2    15   0    0  2.5909650023E-001  5.4365212260E-001  1.1454246249E+000  8.2777281928E-001  6.8176792537E-001  9.3326829925E-001  1.6883015891E+000
   2    16   0    0  2.6491520377E-001  5.4170854680E-001  1.1454246249E+000  8.2733990065E-001  6.8114706404E-001  9.3390057076E-001  1.6951280107E+000
   2    17   0    0  2.7055534042E-001  5.3937653152E-001  1.1454246249E+000  8.2690258362E-001  6.8054818365E-001  9.3445011256E-001  1.7017458614E+000
   2    18   0    0  2.7575617103E-001  5.3631218312E-001  1.1454246249E+000  8.2645248488E-001  6.7998139358E-001  9.3495427581E-001  1.7078532319E+000
   2    19   0    0  2.7944411989E-001  5.3164987650E-001  1.1456474078E+000  8.2615176484E-001  6.7962858695E-001  9.3544257195E-001  1.7122802957E+000
   2    20  55   23  2.7991270503E-001  5.3097535472E-001  1.1460506123E+000  8.2633616279E-001  6.7974739038E-001  9.3576495674E-001  1.7129745324E+000
   2    21   0    0  2.8252295363E-001  5.2591367214E-001  1.1598976845E+000  8.3437627534E-001  6.8551871401E-001  9.4553807535E-001  1.7209489618E+000
   2    22   0    0  2.8057593874E-001  5.2644356926E-001  1.1867857750E+000  8.5088307916E-001  6.9752497002E-001  9.6364540320E-001  1.7286950418E+000
   2    23   0    0  2.7650191886E-001  5.3013375362E-001  1.2163411508E+000  8.6914752265E-001  7.1081659156E-001  9.8291765728E-001  1.7358677331E+000
   2    24   0    0  2.7131128483E-001  5.3516679262E-001  1.2462488395E+000  8.8766126107E-001  7.2418292548E-001  1.0020816103E+000  1.7428941478E+000
   2    25   0    0  2.6543261151E-001  5.4073261987E-001  1.2756407189E+000  9.0570865388E-001  7.3718319027E-001  1.0204155886E+000  1.7498853960E+000
   2    26   0    0  2.5924091116E-001  5.4628652338E-001  1.3038633132E+000  9.2287031935E-001  7.4952128895E-001  1.0377559072E+000  1.7568646288E+000
   2    27   0    0  2.5524541551E-001  5.5229013862E-001  1.3320490127E+000  9.3971422618E-001  7.6145851153E-001  1.0548973611E+000  1.7667623868E+000
   2    28   0    0  2.5160770446E-001  5.5624603624E-001  1.3556336549E+000  9.5369992630E-001  7.7131745863E-001  1.0690500858E+000  1.7752475050E+000
   2    29  55   24  2.5380735432E-001  5.5891842361E-001  1.3707735989E+000  9.6241672996E-001  7.7719998632E-001  1.0785700845E+000  1.7852356547E+000
   2    30  54   25  2.6441694145E-001  5.6665284843E-001  1.3992473510E+000  9.7848958756E-001  7.8766397956E-001  1.0970707114E+000  1.8101882675E+000
   2    31   0    0  2.7589278027E-001  5.7527648218E-001  1.4272568046E+000  9.9416795497E-001  7.9778619671E-001  1.1152291699E+000  1.8356034600E+000
   2    32   0    0  2.8747105714E-001  5.8411904172E-001  1.4549939525E+000  1.0095952786E+000  8.0768857597E-001  1.1330009262E+000  1.8608592956E+000
   2    33   0    0  2.9914157972E-001  5.9308844915E-001  1.4827008709E+000  1.0248839605E+000  8.1746958442E-001  1.1505123452E+000  1.8860802233E+000
   2    34   0    0  3.1087250630E-001  6.0212293649E-001  1.5103969041E+000  1.0401026496E+000  8.2714069637E-001  1.1679311646E+000  1.9112547841E+000
   2    35   0    0  3.2264116938E-001  6.1118792226E-001  1.5380861845E+000  1.0551768780E+000  8.3670486400E-001  1.1850263329E+000  1.9363727987E+000
   2    36   0    0  3.3442824653E-001  6.2026197284E-001  1.5657699149E+000  1.0701190247E+000  8.4616067610E-001  1.2020243945E+000  1.9614262315E+000
   2    37   0    0  3.4621509499E-001  6.2933067577E-001  1.5934483680E+000  1.0849932639E+000  8.5551038375E-001  1.2187221021E+000  1.9864077924E+000
   2    38   0    0  3.5798242206E-001  6.3838371963E-001  1.6211214053E+000  1.0997767496E+000  8.6475518768E-001  1.2351787682E+000  2.0113100792E+000
   2    39   0    0  3.6970942120E-001  6.4741334963E-001  1.6487886426E+000  1.1144142920E+000  8.7389194904E-001  1.2512997698E+000  2.0361250206E+000
   2    40  54   26  3.8137303458E-001  6.5641347851E-001  1.6764495043E+000  1.1289180805E+000  8.8292259421E-001  1.2673499057E+000  2.0608434277E+000
   2    41   0    0  3.9294717818E-001  6.6537913733E-001  1.7041032292E+000  1.1433137683E+000  8.9184355932E-001  1.2829423373E+000  2.0854545498E+000
   2    42   0    0  4.0440181604E-001  6.7430611455E-001  1.7317488492E+000  1.1575415796E+000  9.0065737860E-001  1.2984409335E+000  2.1099455590E+000
   2    43   0    0  4.1570176735E-001  6.8319070352E-001  1.7593851467E+000  1.1716810340E+000  9.0936074366E-001  1.3134616603E+000  2.1343008939E+000
   2    44   0    0  4.2680508960E-001  6.9202951285E-001  1.7870105839E+000  1.1856498974E+000  9.1795218856E-001  1.3283583715E+000  2.1585013678E+000
   2    45   0    0  4.3766871426E-001  7.0081658536E-001  1.8146153153E+000  1.1995136641E+000  9.2642706144E-001  1.3427758377E+000  2.1825235781E+000
   2    46   0    0  4.4852639730E-001  7.0945642150E-001  1.8419253512E+000  1.2130543953E+000  9.3468442589E-001  1.3568691475E+000  2.2063713102E+000
   2    47   0    0  4.5938012095E-001  7.1794691174E-001  1.8689276825E+000  1.2262868452E+000  9.4272656601E-001  1.3705478681E+000  2.2300377759E+000
   2    48   0    0  4.7022966581E-001  7.2628455584E-001  1.8956042707E+000  1.2392173443E+000  9.5054790833E-001  1.3837780748E+000  2.2535113686E+000
   2    49   0    0  4.8107480435E-001  7.3446626210E-001  1.9219377218E+000  1.2518684324E+000  9.5814844674E-001  1.3965802897E+000  2.2767806103E+000
   2    50  54   27  4.9191530159E-001  7.4248935910E-001  1.9479113645E+000  1.2641723950E+000  9.6554551613E-001  1.4090941993E+000  2.2998342362E+000
   2    51   0    0  5.0275091510E-001  7.5035160557E-001  1.9735093278E+000  1.2761920974E+000  9.7276026830E-001  1.4210069091E+000  2.3226612751E+000
   2    52   0    0  5.1358139488E-001  7.5805119825E-001  1.9987166163E+000  1.2878305058E+000  9.7979181085E-001  1.4326698280E+000  2.3452511274E+000
   2    53   0    0  5.2440648339E-001  7.6558677688E-001  2.0235191812E+000  1.2992003559E+000  9.8663885940E-001  1.4439479892E+000  2.3675936385E+000
   2    54   0    0  5.3522591550E-001  7.7295742601E-001  2.0479039848E+000  1.3101555249E+000  9.9329581435E-001  1.4547508065E+000  2.3896791676E+000
   2    55   0    0  5.4603941852E-001  7.8016267306E-001  2.0718590572E+000  1.3208757803E+000  9.9976042810E-001  1.4651438817E+000  2.4114986484E+000
   2    56   0    0  5.5684671225E-001  7.8720248266E-001  2.0953735432E+000  1.3311748505E+000  1.0060271993E+000  1.4752400528E+000  2.4330436439E+000
   2    57   0    0  5.6764750912E-001  7.9407724709E-001  2.1184377384E+000  1.3412026957E+000  1.0121032171E+000  1.4848900977E+000  2.4543063915E+000
   2    58   0    0  5.7844151426E-001  8.0078777297E-001  2.1410431147E+000  1.3508638628E+000  1.0179782677E+000  1.4941159768E+000  2.4752798403E+000
   2    59   0    0  5.8922842584E-001  8.0733526457E-001  2.1631823334E+000  1.3601571886E+000  1.0236526165E+000  1.5031559076E+000  2.4959576791E+000
   2    60  54   28  6.0000793524E-001  8.1372130383E-001  2.1848492477E+000  1.3691778824E+000  1.0291282654E+000  1.5116860188E+000  2.5163343552E+000
   2    61   0    0  6.1077972749E-001  8.1994782775E-001  2.2060388934E+000  1.3778078643E+000  1.0344109083E+000  1.5198945013E+000  2.5364050846E+000
   2    62   0    0  6.2154348162E-001  8.2601710342E-001  2.2267474694E+000  1.3861713752E+000  1.0394912847E+000  1.5278522844E+000  2.5561658538E+000
   2    63   0    0  6.3229887121E-001  8.3193170133E-001  2.2469723089E+000  1.3941382510E+000  1.0443754970E+000  1.5354451570E+000  2.5756134136E+000
   2    64   0    0  6.4304556488E-001  8.3769446737E-001  2.2667118419E+000  1.4018363897E+000  1.0490694179E+000  1.5425632600E+000  2.5947452657E+000
   2    65   0    0  6.5378322698E-001  8.4330849408E-001  2.2859655500E+000  1.4092482496E+000  1.0535701472E+000  1.5496823896E+000  2.6135596430E+000
   2    66   0    0  6.6451151820E-001  8.4877709159E-001  2.3047339158E+000  1.4162737534E+000  1.0578830968E+000  1.5562497762E+000  2.6320554845E+000
   2    67   0    0  6.7523009632E-001  8.5410375866E-001  2.3230183664E+000  1.4230832936E+000  1.0620068710E+000  1.5626768338E+000  2.6502324051E+000
   2    68   0    0  6.8593861692E-001  8.5929215427E-001  2.3408212144E+000  1.4295242930E+000  1.0659498290E+000  1.5688116416E+000  2.6680906620E+000
   2    69   0    0  6.9663673423E-001  8.6434607009E-001  2.3581455950E+000  1.4357467207E+000  1.0697213741E+000  1.5747164087E+000  2.6856311177E+000
   2    70  54   29  7.0732410185E-001  8.6926940401E-001  2.3749954025E+000  1.4416530525E+000  1.0733200735E+000  1.5801670502E+000  2.7028552014E+000
   2    71   0    0  7.1800037362E-001  8.7406613509E-001  2.3913752258E+000  1.4472520717E+000  1.0767444670E+000  1.5856928224E+000  2.7197648685E+000
   2    72   0    0  7.2866520437E-001  8.7874030011E-001  2.4072902847E+000  1.4526490942E+000  1.0800003857E+000  1.5908236533E+000  2.7363625595E+000
   2    73   0    0  7.3931825076E-001  8.8329597166E-001  2.4227463665E+000  1.4577125506E+000  1.0830969944E+000  1.5957149073E+000  2.7526511588E+000
   2    74   0    0  7.4995917200E-001  8.8773723807E-001  2.4377497649E+000  1.4626275431E+000  1.0860442514E+000  1.6004909935E+000  2.7686339536E+000
   2    75   0    0  7.6058763062E-001  8.9206818515E-001  2.4523072209E+000  1.4672311079E+000  1.0888420982E+000  1.6049294005E+000  2.7843145940E+000
   2    76   0    0  7.7120329317E-001  8.9629287960E-001  2.4664258659E+000  1.4716033280E+000  1.0914900163E+000  1.6091879972E+000  2.7996970538E+000
   2    77   0    0  7.8180583086E-001  9.0041535437E-001  2.4801131687E+000  1.4758027564E+000  1.0939921820E+000  1.6135110964E+000  2.8147855931E+000
   2    78   0    0  7.9239492021E-001  9.0443959555E-001  2.4933768844E+000  1.4797273991E+000  1.0963628327E+000  1.6174541930E+000  2.8295847225E+000
   2    79   0    0  8.0297024354E-001  9.0836953110E-001  2.5062250074E+000  1.4834872546E+000  1.0986071998E+000  1.6212446296E+000  2.8440991688E+000
   2    80  54   30  8.1353148956E-001  9.1220902099E-001  2.5186657275E+000  1.4869848630E+000  1.1007147468E+000  1.6250131371E+000  2.8583338431E+000
   2    81   0    0  8.2407835372E-001  9.1596184891E-001  2.5307073893E+000  1.4903750128E+000  1.1027180527E+000  1.6284925293E+000  2.8722938108E+000
   2    82   0    0  8.3461053866E-001  9.1963171540E-001  2.5423584554E+000  1.4935210528E+000  1.1045964171E+000  1.6319551213E+000  2.8859842633E+000
   2    83   0    0  8.4512775448E-001  9.2322223212E-001  2.5536274720E+000  1.4965245428E+000  1.1063563504E+000  1.6351633256E+000  2.8994104922E+000
   2    84   0    0  8.5562971902E-001  9.2673691747E-001  2.5645230386E+000  1.4992974740E+000  1.1080216203E+000  1.6383357050E+000  2.9125778652E+000
   2    85   0    0  8.6611615802E-001  9.3017919318E-001  2.5750537806E+000  1.5019969006E+000  1.1095832208E+000  1.6414372695E+000  2.9254918041E+000
   2    86   0    0  8.7658680527E-001  9.3355238193E-001  2.5852283243E+000  1.5044438075E+000  1.1110317290E+000  1.6443296446E+000  2.9381577645E+000
   2    87   0    0  8.8704140260E-001  9.3685970582E-001  2.5950552759E+000  1.5068499216E+000  1.1124150389E+000  1.6471480349E+000  2.9505812175E+000
   2    88   0    0  8.9747969995E-001  9.4010428573E-001  2.6045432020E+000  1.5090567572E+000  1.1136968315E+000  1.6499487997E+000  2.9627676330E+000
   2    89   0    0  9.0790145520E-001  9.4328914132E-001  2.6137006134E+000  1.5111376690E+000  1.1148819052E+000  1.6525303808E+000  2.9747224643E+000
   2    90  54   31  9.1830643405E-001  9.4641719179E-001  2.6225359516E+000  1.5130559052E+000  1.1160124051E+000  1.6552203594E+000  2.9864511348E+000
   2    91   0    0  9.2869440978E-001  9.4949125714E-001  2.6310575771E+000  1.5149077898E+000  1.1170531003E+000  1.6576450597E+000  2.9979590252E+000
   2    92   0    0  9.3906516293E-001  9.5251406006E-001  2.6392737605E+000  1.5166415200E+000  1.1180200562E+000  1.6601843695E+000  3.0092514627E+000
   2    93   0    0  9.4941848090E-001  9.5548822833E-001  2.6471926758E+000  1.5182014330E+000  1.1189294370E+000  1.6625198554E+000  3.0203337106E+000
   2    94   0    0  9.5975415742E-001  9.5841629768E-001  2.6548223954E+000  1.5197531275E+000  1.1197625540E+000  1.6648332675E+000  3.0312109593E+000
   2    95   0    0  9.7007199198E-001  9.6130071519E-001  2.6621708887E+000  1.5211400335E+000  1.1205490763E+000  1.6671529928E+000  3.0418883179E+000
   2    96   0    0  9.8037178910E-001  9.6414384312E-001  2.6692460217E+000  1.5224758177E+000  1.1212681945E+000  1.6692771180E+000  3.0523708058E+000
   2    97   0    0  9.9065335738E-001  9.6694796334E-001  2.6760555602E+000  1.5237083166E+000  1.1219430774E+000  1.6715294050E+000  3.0626633462E+000
   2    98   0    0  1.0009165085E+000  9.6971528227E-001  2.6826071751E+000  1.5248617822E+000  1.1225608931E+000  1.6735712323E+000  3.0727707576E+000
   2    99   0    0  1.0111610558E+000  9.7244793664E-001  2.6889084517E+000  1.5259227507E+000  1.1231414520E+000  1.6757807892E+000  3.0826977471E+000
   2   100  59   32  1.0213868130E+000  9.7514799993E-001  2.6949669023E+000  1.5269127482E+000  1.1236753416E+000  1.6778097256E+000  3.0924489017E+000
