   2     1   0    0  2.1105441155E-001  5.7246196936E-001  1.0656618278E+000  7.8150378529E-001  6.5082089229E-001  8.7333241154E-001  1.6000000238E+000
   2     2   0    0  2.1574242392E-001  5.7537584465E-001  1.0717714776E+000  7.8504999223E-001  6.5312455859E-001  8.7801378514E-001  1.6082070326E+000
   2     3   0    0  2.2285466283E-001  5.7970211192E-001  1.0808437115E+000  7.9030451170E-001  6.5652624446E-001  8.8501163360E-001  1.6204931171E+000
   2     4   0    0  2.3006080864E-001  5.8397670504E-001  1.0898086660E+000  7.9552822315E-001  6.5987134164E-001  8.9194888682E-001  1.6327487071E+000
   2     5   0    0  2.3735832792E-001  5.8820161040E-001  1.0986701473E+000  8.0063425077E-001  6.6315263650E-001  8.9881344964E-001  1.6449727015E+000
   2     6   0    0  2.4474484151E-001  5.9237879828E-001  1.1074319359E+000  8.0567196044E-001  6.6637740687E-001  9.0561630834E-001  1.6571642626E+000
   2     7   0    0  2.5221803380E-001  5.9651016258E-001  1.1160976620E+000  8.1064749521E-001  6.6956457528E-001  9.1246553295E-001  1.6693226447E+000
   2     8   0    0  2.5977565533E-001  6.0059752005E-001  1.1246708053E+000  8.1555507764E-001  6.7268295667E-001  9.1913383594E-001  1.6814471874E+000
   2     9   0    0  2.6741552440E-001  6.0464261048E-001  1.1331546956E+000  8.2040305625E-001  6.7575202338E-001  9.2574862305E-001  1.6935373098E+000
   2    10  54   22  2.7513552766E-001  6.0864709761E-001  1.1415525157E+000  8.2519591548E-001  6.7876032234E-001  9.3226445299E-001  1.7055925036E+000
   2    11   0    0  2.8293361994E-001  6.1261257047E-001  1.1498673043E+000  8.2993245495E-001  6.8173808219E-001  9.3880162473E-001  1.7176123277E+000
   2    12   0    0  2.9080782365E-001  6.1654054532E-001  1.1581019607E+000  8.3461673217E-001  6.8467274052E-001  9.4529314671E-001  1.7295964023E+000
   2    13   0    0  2.9875622754E-001  6.2043246786E-001  1.1662592487E+000  8.3922828175E-001  6.8756872996E-001  9.5169130800E-001  1.7415444041E+000
   2    14   0    0  3.0677698522E-001  6.2428971561E-001  1.1743418021E+000  8.4381358453E-001  6.9042140534E-001  9.5807231963E-001  1.7534560605E+000
   2    15   0    0  3.1486831347E-001  6.2811360054E-001  1.1823521296E+000  8.4835297284E-001  6.9323621866E-001  9.6441350539E-001  1.7653311459E+000
   2    16   0    0  3.2302849027E-001  6.3190537179E-001  1.1902926205E+000  8.5287795532E-001  6.9602353999E-001  9.7086775612E-001  1.7771694771E+000
   2    17   0    0  3.3125585275E-001  6.3566621836E-001  1.1981655501E+000  8.5733194709E-001  6.9876752685E-001  9.7715051970E-001  1.7889709091E+000
   2    18   0    0  3.3954879516E-001  6.3939727186E-001  1.2059730845E+000  8.6174527191E-001  7.0147813361E-001  9.8339907782E-001  1.8007353323E+000
   2    19   0    0  3.4790576668E-001  6.4309960929E-001  1.2137172870E+000  8.6612832968E-001  7.0415905649E-001  9.8961601420E-001  1.8124626684E+000
   2    20  54   23  3.5632526928E-001  6.4677425562E-001  1.2214001220E+000  8.7046541992E-001  7.0680732511E-001  9.9581496754E-001  1.8241528680E+000
   2    21   0    0  3.6480585565E-001  6.5042218649E-001  1.2290234612E+000  8.7476632355E-001  7.0942602503E-001  1.0019845063E+000  1.8358059077E+000
   2    22   0    0  3.7334612709E-001  6.5404433066E-001  1.2365890878E+000  8.7900148499E-001  7.1201111849E-001  1.0079235237E+000  1.8474217877E+000
   2    23   0    0  3.8194473148E-001  6.5764157242E-001  1.2440987013E+000  8.8323363119E-001  7.1457352569E-001  1.0140575128E+000  1.8590005293E+000
   2    24   0    0  3.9060036137E-001  6.6121475402E-001  1.2515539219E+000  8.8743360992E-001  7.1710962223E-001  1.0201627524E+000  1.8705421732E+000
   2    25   0    0  3.9931175206E-001  6.6476467779E-001  1.2589562950E+000  8.9158474226E-001  7.1960853005E-001  1.0263598966E+000  1.8820467774E+000
   2    26   0    0  4.0807767974E-001  6.6829210828E-001  1.2663072951E+000  8.9572328528E-001  7.2209467932E-001  1.0323915898E+000  1.8935144157E+000
   2    27   0    0  4.1689695980E-001  6.7179777438E-001  1.2736083295E+000  8.9983266325E-001  7.2455731648E-001  1.0384008853E+000  1.9049451761E+000
   2    28   0    0  4.2576844513E-001  6.7528237107E-001  1.2808607422E+000  9.0390507101E-001  7.2701146439E-001  1.0444337320E+000  1.9163391592E+000
   2    29   0    0  4.3469102452E-001  6.7874656139E-001  1.2880658173E+000  9.0795895980E-001  7.2942979911E-001  1.0504208046E+000  1.9276964774E+000
   2    30  54   24  4.4366362115E-001  6.8219097809E-001  1.2952247822E+000  9.1198652778E-001  7.3182701753E-001  1.0563885815E+000  1.9390172531E+000
   2    31   0    0  4.5268519114E-001  6.8561622521E-001  1.3023388104E+000  9.1603710496E-001  7.3420428898E-001  1.0621011298E+000  1.9503016186E+000
   2    32   0    0  4.6175472212E-001  6.8902287973E-001  1.3094090251E+000  9.2001555648E-001  7.3656143089E-001  1.0680036834E+000  1.9615497140E+000
   2    33   0    0  4.7087123199E-001  6.9241149294E-001  1.3164365012E+000  9.2397024744E-001  7.3889953494E-001  1.0739257068E+000  1.9727616873E+000
   2    34   0    0  4.8003376761E-001  6.9578259178E-001  1.3234222684E+000  9.2791891693E-001  7.4122424254E-001  1.0800339236E+000  1.9839376932E+000
   2    35   0    0  4.8924140364E-001  6.9913668025E-001  1.3303673131E+000  9.3182908172E-001  7.4352738865E-001  1.0859056374E+000  1.9950778925E+000
   2    36   0    0  4.9849324140E-001  7.0247424044E-001  1.3372725814E+000  9.3571768409E-001  7.4581326412E-001  1.0917623983E+000  2.0061824511E+000
   2    37   0    0  5.0778840782E-001  7.0579573392E-001  1.3441389806E+000  9.3955301699E-001  7.4808497023E-001  1.0976752848E+000  2.0172515402E+000
   2    38   0    0  5.1712605436E-001  7.0910160255E-001  1.3509673814E+000  9.4340268432E-001  7.5033757098E-001  1.1035248850E+000  2.0282853347E+000
   2    39   0    0  5.2650535613E-001  7.1239226971E-001  1.3577586200E+000  9.4723282249E-001  7.5257448194E-001  1.1093615898E+000  2.0392840138E+000
   2    40  54   25  5.3592551091E-001  7.1566814114E-001  1.3645134998E+000  9.5100982487E-001  7.5479471082E-001  1.1151230056E+000  2.0502477596E+000
   2    41   0    0  5.4538573828E-001  7.1892960586E-001  1.3712327929E+000  9.5480331359E-001  7.5700133635E-001  1.1209444680E+000  2.0611767576E+000
   2    42   0    0  5.5488527881E-001  7.2217703709E-001  1.3779172419E+000  9.5857893828E-001  7.5919366496E-001  1.1267547017E+000  2.0720711953E+000
   2    43   0    0  5.6442339327E-001  7.2541079296E-001  1.3845675612E+000  9.6233029491E-001  7.6136678902E-001  1.1324734397E+000  2.0829312629E+000
   2    44   0    0  5.7399936183E-001  7.2863121728E-001  1.3911844387E+000  9.6607179282E-001  7.6353159797E-001  1.1382322538E+000  2.0937571522E+000
   2    45   0    0  5.8361248344E-001  7.3183864032E-001  1.3977685368E+000  9.6979684072E-001  7.6568334019E-001  1.1439744562E+000  2.1045490569E+000
   2    46   0    0  5.9326207505E-001  7.3503337941E-001  1.4043204939E+000  9.7355357196E-001  7.6782655704E-001  1.1497915540E+000  2.1153071716E+000
   2    47   0    0  6.0294747102E-001  7.3821573961E-001  1.4108409254E+000  9.7724489321E-001  7.6995334916E-001  1.1555683911E+000  2.1260316926E+000
   2    48   0    0  6.1266802250E-001  7.4138601428E-001  1.4173304249E+000  9.8092088874E-001  7.7206814069E-001  1.1613303320E+000  2.1367228167E+000
   2    49   0    0  6.2242309681E-001  7.4454448564E-001  1.4237895651E+000  9.8458532242E-001  7.7417612871E-001  1.1670665750E+000  2.1473807415E+000
   2    50  54   26  6.3221207691E-001  7.4769142539E-001  1.4302188990E+000  9.8823073211E-001  7.7626871081E-001  1.1728114797E+000  2.1580056652E+000
   2    51   0    0  6.4203436084E-001  7.5082709507E-001  1.4366189608E+000  9.9186185575E-001  7.7835019122E-001  1.1785420005E+000  2.1685977864E+000
   2    52   0    0  6.5188936123E-001  7.5395174666E-001  1.4429902667E+000  9.9547969051E-001  7.8042044118E-001  1.1842804333E+000  2.1791573037E+000
   2    53   0    0  6.6177650482E-001  7.5706562292E-001  1.4493333156E+000  9.9908349508E-001  7.8248012824E-001  1.1899835511E+000  2.1896844161E+000
   2    54   0    0  6.7169523195E-001  7.6016895795E-001  1.4556485901E+000  1.0026739777E+000  7.8452959368E-001  1.1956797623E+000  2.2001793221E+000
   2    55   0    0  6.8164499616E-001  7.6326197747E-001  1.4619365571E+000  1.0061788983E+000  7.8657088159E-001  1.2014480605E+000  2.2106422205E+000
   2    56   0    0  6.9162526373E-001  7.6634489920E-001  1.4681976688E+000  1.0097497402E+000  7.8860102122E-001  1.2071407572E+000  2.2210733096E+000
   2    57   0    0  7.0163551330E-001  7.6941793335E-001  1.4744323627E+000  1.0133083156E+000  7.9062166837E-001  1.2128274287E+000  2.2314727872E+000
   2    58   0    0  7.1167523547E-001  7.7248128282E-001  1.4806410631E+000  1.0168860297E+000  7.9262723684E-001  1.2185437601E+000  2.2418408508E+000
   2    59   0    0  7.2174393241E-001  7.7553514359E-001  1.4868241810E+000  1.0204119595E+000  7.9463040886E-001  1.2242266594E+000  2.2521776974E+000
   2    60  54   27  7.3184111754E-001  7.7857970499E-001  1.4929821149E+000  1.0239260971E+000  7.9662472210E-001  1.2299042989E+000  2.2624835233E+000
   2    61   0    0  7.4196631513E-001  7.8161515004E-001  1.4991152514E+000  1.0273275761E+000  7.9861389365E-001  1.2355859880E+000  2.2727585240E+000
   2    62   0    0  7.5720570673E-001  7.8615163561E-001  1.5082693303E+000  1.0325534010E+000  8.0157587750E-001  1.2440897809E+000  2.2881137409E+000
   2    63   0    0  7.7250564271E-001  7.9066860446E-001  1.5173697276E+000  1.0377821403E+000  8.0451961689E-001  1.2525834164E+000  2.3034007793E+000
   2    64   0    0  7.8786455615E-001  7.9516657535E-001  1.5264175574E+000  1.0431201303E+000  8.0744293036E-001  1.2610962557E+000  2.3186201987E+000
   2    65   0    0  8.0328101702E-001  7.9964606797E-001  1.5354139389E+000  1.0482901676E+000  8.1035189358E-001  1.2695831638E+000  2.3337726442E+000
   2    66   0    0  8.1875364070E-001  8.0410757776E-001  1.5443599451E+000  1.0534376350E+000  8.1324449334E-001  1.2780617456E+000  2.3488587559E+000
   2    67   0    0  8.3428108601E-001  8.0855157742E-001  1.5532566055E+000  1.0585488685E+000  8.1612312298E-001  1.2865097001E+000  2.3638791685E+000
   2    68   0    0  8.4986205343E-001  8.1297851825E-001  1.5621049088E+000  1.0636618842E+000  8.1898493516E-001  1.2949952272E+000  2.3788345111E+000
   2    69   0    0  8.6549528342E-001  8.1738883145E-001  1.5709058052E+000  1.0687542303E+000  8.2183171958E-001  1.3034741600E+000  2.3937254072E+000
   2    70  54   28  8.8117955476E-001  8.2178292926E-001  1.5796602081E+000  1.0738087825E+000  8.2466396858E-001  1.3118438948E+000  2.4085524743E+000
   2    71   0    0  8.9691368304E-001  8.2616120610E-001  1.5883689970E+000  1.0788506349E+000  8.2748192808E-001  1.3202980437E+000  2.4233163240E+000
   2    72   0    0  9.1269651923E-001  8.3052403957E-001  1.5970330185E+000  1.0838728380E+000  8.3028632606E-001  1.3287796322E+000  2.4380175617E+000
   2    73   0    0  9.2852694830E-001  8.3487179142E-001  1.6056530886E+000  1.0889234351E+000  8.3307801207E-001  1.3371895736E+000  2.4526567866E+000
   2    74   0    0  9.4440388785E-001  8.3920480841E-001  1.6142299942E+000  1.0939208775E+000  8.3586703489E-001  1.3457049731E+000  2.4672345917E+000
   2    75   0    0  9.6032628700E-001  8.4352342317E-001  1.6227644943E+000  1.0989001799E+000  8.3866330526E-001  1.3541944116E+000  2.4817515637E+000
   2    76   0    0  9.7629312510E-001  8.4782795494E-001  1.6312573221E+000  1.1037845499E+000  8.4146557357E-001  1.3624870628E+000  2.4962082828E+000
   2    77   0    0  9.9230341063E-001  8.5211871036E-001  1.6397091856E+000  1.1087151835E+000  8.4427409640E-001  1.3709793231E+000  2.5106053231E+000
   2    78   0    0  1.0083561802E+000  8.5639598406E-001  1.6481207694E+000  1.1136282965E+000  8.4708548742E-001  1.3794977242E+000  2.5249432519E+000
   2    79   0    0  1.0244504974E+000  8.6066005934E-001  1.6564927355E+000  1.1185643445E+000  8.4990959011E-001  1.3879248395E+000  2.5392226306E+000
   2    80  54   29  1.0405854521E+000  8.6491120879E-001  1.6648257247E+000  1.1234776190E+000  8.5273135559E-001  1.3962923392E+000  2.5534440139E+000
   2    81   0    0  1.0567601590E+000  8.6914969477E-001  1.6731203573E+000  1.1283750351E+000  8.5556902564E-001  1.4046519856E+000  2.5676079501E+000
   2    82   0    0  1.0729737575E+000  8.7337576998E-001  1.6813772344E+000  1.1332356776E+000  8.5840753538E-001  1.4132642604E+000  2.5817149813E+000
   2    83   0    0  1.0892254101E+000  8.7758967797E-001  1.6895969385E+000  1.1381043599E+000  8.6124943951E-001  1.4217692217E+000  2.5957656433E+000
   2    84   0    0  1.1055143021E+000  8.8179165356E-001  1.6977800345E+000  1.1429579271E+000  8.6410398378E-001  1.4302475407E+000  2.6097604654E+000
   2    85   0    0  1.1218396406E+000  8.8598192324E-001  1.7059270706E+000  1.1477962432E+000  8.6695597779E-001  1.4386636236E+000  2.6236999708E+000
   2    86   0    0  1.1382006539E+000  8.9016070569E-001  1.7140385788E+000  1.1525994319E+000  8.6982171848E-001  1.4470527134E+000  2.6375846764E+000
   2    87   0    0  1.1545965906E+000  8.9432821203E-001  1.7221150760E+000  1.1573876332E+000  8.7269095793E-001  1.4554126528E+000  2.6514150931E+000
   2    88   0    0  1.1710267192E+000  8.9848464627E-001  1.7301570641E+000  1.1621660226E+000  8.7556669964E-001  1.4640130621E+000  2.6651917254E+000
   2    89   0    0  1.1874903271E+000  9.0263020560E-001  1.7381650312E+000  1.1669562202E+000  8.7844065007E-001  1.4724760373E+000  2.6789150720E+000
   2    90  54   30  1.2039867203E+000  9.0676508071E-001  1.7461394518E+000  1.1717325800E+000  8.8132803438E-001  1.4809622390E+000  2.6925856254E+000
   2    91   0    0  1.2205152227E+000  9.1088945615E-001  1.7540807876E+000  1.1764268938E+000  8.8421273947E-001  1.4894094416E+000  2.7062038721E+000
   2    92   0    0  1.2370751754E+000  9.1500351051E-001  1.7619894880E+000  1.1811457703E+000  8.8711333592E-001  1.4978825151E+000  2.7197702929E+000
   2    93   0    0  1.2619728955E+000  9.2115567163E-001  1.7737924060E+000  1.1882131977E+000  8.9146812042E-001  1.5105383818E+000  2.7400239673E+000
   2    94   0    0  1.2869380662E+000  9.2728561470E-001  1.7855244098E+000  1.1953858760E+000  8.9583206625E-001  1.5232893626E+000  2.7601638584E+000
   2    95   0    0  1.3119684376E+000  9.3339381892E-001  1.7971867656E+000  1.2024038685E+000  9.0021398896E-001  1.5359842271E+000  2.7801913288E+000
   2    96   0    0  1.3370620639E+000  9.3948079646E-001  1.8087807976E+000  1.2093922093E+000  9.0459505210E-001  1.5486786419E+000  2.8001078999E+000
   2    97   0    0  1.3622170703E+000  9.4554703715E-001  1.8203077819E+000  1.2163964890E+000  9.0900206844E-001  1.5613905834E+000  2.8199150651E+000
   2    98   0    0  1.3874316502E+000  9.5159300992E-001  1.8317689490E+000  1.2233350246E+000  9.1340560721E-001  1.5741128461E+000  2.8396142906E+000
   2    99   0    0  1.4127040621E+000  9.5761916402E-001  1.8431654865E+000  1.2302449999E+000  9.1782880712E-001  1.5868444998E+000  2.8592070156E+000
   2   100  59   31  1.4380326268E+000  9.6362593033E-001  1.8544985413E+000  1.2372114314E+000  9.2226530383E-001  1.5995296488E+000  2.8786946530E+000
