0.00000 24.81471 25.95000
0.03000 24.81324 25.94415
0.06000 24.81113 25.93209
0.09000 24.80858 25.91653
0.12000 24.80564 25.89847
0.15000 24.80260 25.87837
0.21000 24.78698 25.83683
0.21000 24.46859 25.93217
0.21000 24.46859 25.93218
0.21000 24.46860 25.93217
0.21000 24.78698 25.83683
0.24000 24.25120 25.95880
0.24000 24.25120 25.95880
0.24000 24.25124 25.95880
0.24000 24.25123 25.95880
0.27000 24.02624 25.97919
0.27000 24.02627 25.97919
0.27000 24.02624 25.97919
0.27000 24.02625 25.97919
0.27000 24.02624 25.97919
0.27000 24.02624 25.97919
0.30000 23.77672 25.99610
0.30000 23.77672 25.99610
0.30000 23.77672 25.99610
0.30000 23.77673 25.99610
0.30000 23.77678 25.99610
0.30000 23.77690 25.99610
0.33000 23.46813 26.01076
0.33000 23.46813 26.01076
0.33000 23.46814 26.01076
0.33000 23.46813 26.01076
0.33000 23.46821 26.01076
0.33000 23.46853 26.01076
0.33000 23.46814 26.01076
0.33000 23.46816 26.01076
0.36000 22.90861 26.02384
0.36000 22.90717 26.02384
0.36000 22.90826 26.02384
0.36000 22.90734 26.02384
0.36000 22.90708 26.02384
0.36000 22.90948 26.02384
0.36000 22.90775 26.02384
0.36000 22.90711 26.02384
0.36000 22.90742 26.02384
0.36000 22.90858 26.02384
0.36000 22.90712 26.02384
0.36000 22.90733 26.02384
0.36000 22.90756 26.02384
0.36000 22.90821 26.02384
1.02000 19.99047 26.23896
1.02000 20.00194 26.23897
1.02000 19.99206 26.23897
1.02000 19.99248 26.23897
1.02000 19.99459 26.23897
1.02000 20.00234 26.23897
1.02000 19.98762 26.23897
1.02000 19.99278 26.23897
1.02000 19.99174 26.23897
1.02000 20.00335 26.23897
1.02000 19.98776 26.23897
1.02000 19.99168 26.23897
1.02000 19.99943 26.23897
1.02000 19.98677 26.23897
1.02000 19.98863 26.23897
1.02000 19.99243 26.23897
1.02000 19.99911 26.23897
1.02000 19.98658 26.23897
1.02000 19.98787 26.23897
1.02000 19.99036 26.23897
1.02000 19.99488 26.23897
1.02000 20.00152 26.23897
1.05000 21.03403 26.24959
1.05000 21.03382 26.24959
1.05000 21.03393 26.24959
1.05000 21.03436 26.24959
1.05000 21.03382 26.24959
1.05000 21.03397 26.24959
1.05000 21.03381 26.24959
1.05000 21.03396 26.24959
1.05000 21.03381 26.24959
1.05000 21.03387 26.24959
1.05000 21.03413 26.24959
1.05000 21.03489 26.24959
1.05000 21.03382 26.24959
1.08000 21.27858 26.26038
1.08000 21.27874 26.26038
1.08000 21.27858 26.26038
1.08000 21.27882 26.26038
1.08000 21.27859 26.26038
1.08000 21.27859 26.26038
1.08000 21.27867 26.26038
1.11000 21.41706 26.27141
1.11000 21.41706 26.27141
1.11000 21.41710 26.27141
1.14000 21.51100 26.28272
1.14000 21.51101 26.28272
1.17000 21.58085 26.29436
1.20000 21.63600 26.30639
1.23000 21.68172 26.31883
1.26000 21.72129 26.33171
1.29000 21.75679 26.34504
1.32000 21.79009 26.35891
1.35000 21.82198 26.37329
1.38000 21.85379 26.38821
1.41000 21.88625 26.40368
1.44000 21.92011 26.41969
1.47000 21.95601 26.43617
1.50000 21.99447 26.45305
1.53000 22.03584 26.47018
1.56000 22.08049 26.48738
1.59000 22.12846 26.50441
1.62000 22.17964 26.52094
1.65000 22.23379 26.53664
1.68000 22.29039 26.55113
1.71000 22.34884 26.56406
1.74000 22.40812 26.57502
1.77000 22.46754 26.58379
1.80000 22.52614 26.59016
1.83000 22.58309 26.59404
1.86000 22.63770 26.59541
1.89000 22.68940 26.59437
1.92000 22.73774 26.59107
1.95000 22.78249 26.58571
1.98000 22.82350 26.57854
2.01000 22.86069 26.56977
2.04000 22.89417 26.55968
2.07000 22.92406 26.54847
2.10000 22.95045 26.53638
2.10000 22.95046 26.53638
2.13000 22.97361 26.52359
2.16000 22.99370 26.51027
2.19000 23.01093 26.49656
2.22000 23.02548 26.48261
2.25000 23.03758 26.46851
2.25000 23.03759 26.46851
2.28000 23.04744 26.45436
2.28000 23.04742 26.45436
2.31000 23.05520 26.44024
2.34000 23.06106 26.42620
2.37000 23.06516 26.41231
2.40000 23.06763 26.39862
2.43000 23.06868 26.38512
2.46000 23.06838 26.37187
2.49000 23.06685 26.35889
2.52000 23.06419 26.34620
2.55000 23.06051 26.33382
2.58000 23.05590 26.32174
2.58000 23.05590 26.32174
2.61000 23.05044 26.30999
2.64000 23.04423 26.29854
2.67000 23.03735 26.28737
2.70000 23.02984 26.27653
2.73000 23.02176 26.26598
2.76000 23.01317 26.25574
2.79000 23.00409 26.24580
2.82000 22.99459 26.23615
2.85000 22.98469 26.22678
2.88000 22.97445 26.21768
2.91000 22.96388 26.20884
2.94000 22.95301 26.20025
2.97000 22.94187 26.19189
3.00000 22.93046 26.18377
3.03000 22.91879 26.17588
3.06000 22.90686 26.16823
3.09000 22.89468 26.16081
3.12000 22.88226 26.15363
3.15000 22.86958 26.14669
3.18000 22.85666 26.13998
3.21000 22.84347 26.13353
3.24000 22.83002 26.12732
3.27000 22.81631 26.12138
3.30000 22.80231 26.11573
3.33000 22.78801 26.11037
3.36000 22.77341 26.10534
3.39000 22.75851 26.10064
3.42000 22.74328 26.09631
3.45000 22.72774 26.09238
3.48000 22.71188 26.08888
3.51000 22.69569 26.08585
3.54000 22.67917 26.08332
3.57000 22.66235 26.08133
3.60000 22.64523 26.07992
3.63000 22.62783 26.07912
3.66000 22.61017 26.07898
3.69000 22.59229 26.07952
3.72000 22.57419 26.08078
3.75000 22.55594 26.08279
3.78000 22.53759 26.08558
3.81000 22.51917 26.08917
3.84000 22.50074 26.09357
3.87000 22.48235 26.09879
3.90000 22.46406 26.10483
3.93000 22.44593 26.11169
3.96000 22.42804 26.11936
3.99000 22.41044 26.12781
4.02000 22.39318 26.13701
4.05000 22.37630 26.14694
4.08000 22.35989 26.15755
4.11000 22.34394 26.16879
4.14000 22.32850 26.18061
4.17000 22.31362 26.19297
4.20000 22.29930 26.20581
4.23000 22.28554 26.21907
4.26000 22.27236 26.23271
4.29000 22.25974 26.24668
4.32000 22.24766 26.26093
4.35000 22.23611 26.27544
4.38000 22.22505 26.29015
4.41000 22.21447 26.30504
4.44000 22.20432 26.32011
4.47000 22.19458 26.33533
4.50000 22.18522 26.35065
4.53000 22.17620 26.36614
4.56000 22.16749 26.38174
4.59000 22.15908 26.39747
4.62000 22.15091 26.41335
4.65000 22.14298 26.42939
4.68000 22.13528 26.44557
4.71000 22.12780 26.46191
4.74000 22.12052 26.47844
4.77000 22.11344 26.49514
4.80000 22.10654 26.51208
4.83000 22.09983 26.52923
4.86000 22.09333 26.54661
4.89000 22.08705 26.56418
4.92000 22.08099 26.58200
4.95000 22.07517 26.60005
4.98000 22.06955 26.61843
5.01000 22.06420 26.63701
5.04000 22.05915 26.65581
5.07000 22.05435 26.67490
5.10000 22.04993 26.69416
5.13000 22.04580 26.71370
5.16000 22.04201 26.73349
5.19000 22.03862 26.75344
5.22000 22.03560 26.77360
5.25000 22.03300 26.79395
5.28000 22.03082 26.81445
5.31000 22.02909 26.83510
5.34000 22.02782 26.85592
5.37000 22.02704 26.87687
5.40000 22.02677 26.89796
5.43000 22.02703 26.91919
5.46000 22.02785 26.94052
5.49000 22.02926 26.96193
5.52000 22.03128 26.98337
5.55000 22.03394 27.00484
5.58000 22.03725 27.02628
5.61000 22.04125 27.04767
5.64000 22.04595 27.06896
5.67000 22.05139 27.09011
5.70000 22.05757 27.11105
5.73000 22.06451 27.13177
5.76000 22.07224 27.15219
5.79000 22.08078 27.17226
5.82000 22.09013 27.19194
5.85000 22.10031 27.21116
5.88000 22.11132 27.22985
5.91000 22.12318 27.24795
5.94000 22.13590 27.26541
5.97000 22.14947 27.28214
6.00000 22.16388 27.29808
6.03000 22.17913 27.31316
6.06000 22.19520 27.32729
6.09000 22.21210 27.34041
6.12000 22.22980 27.35244
6.15000 22.24826 27.36329
6.18000 22.26745 27.37289
6.21000 22.28731 27.38117
6.24000 22.30781 27.38803
6.27000 22.32889 27.39342
6.30000 22.35045 27.39727
6.33000 22.37243 27.39949
6.36000 22.39472 27.40004
6.39000 22.41723 27.39887
6.42000 22.43982 27.39594
6.45000 22.46239 27.39123
6.48000 22.48478 27.38473
6.51000 22.50685 27.37644
6.54000 22.52846 27.36640
6.57000 22.54944 27.35465
6.60000 22.56965 27.34126
6.63000 22.58893 27.32631
6.66000 22.60713 27.30992
6.69000 22.62408 27.29222
6.72000 22.63968 27.27335
6.75000 22.65380 27.25345
6.78000 22.66636 27.23273
6.81000 22.67729 27.21133
6.84000 22.68651 27.18946
6.87000 22.69399 27.16727
6.90000 22.69972 27.14497
6.93000 22.70371 27.12272
6.96000 22.70599 27.10068
6.99000 22.70659 27.07898
7.02000 22.70558 27.05777
7.05000 22.70303 27.03717
7.08000 22.69903 27.01728
7.11000 22.69365 26.99819
7.14000 22.68701 26.97995
7.17000 22.67920 26.96263
7.20000 22.67032 26.94627
7.23000 22.66047 26.93090
7.26000 22.64977 26.91651
7.29000 22.63829 26.90312
7.32000 22.62614 26.89071
7.35000 22.61341 26.87926
7.38000 22.60018 26.86874
7.41000 22.58651 26.85914
7.44000 22.57249 26.85042
7.47000 22.55817 26.84251
7.50000 22.54362 26.83540
7.53000 22.52888 26.82902
7.56000 22.51401 26.82333
7.59000 22.49902 26.81829
7.62000 22.48396 26.81384
7.65000 22.46885 26.80996
7.68000 22.45373 26.80659
7.71000 22.43859 26.80370
7.74000 22.42346 26.80124
7.77000 22.40835 26.79918
7.80000 22.39325 26.79748
7.83000 22.37816 26.79610
7.86000 22.36309 26.79504
7.89000 22.34805 26.79425
7.92000 22.33300 26.79374
7.95000 22.31796 26.79346
7.98000 22.30292 26.79340
8.01000 22.28784 26.79354
8.04000 22.27272 26.79389
8.07000 22.25756 26.79444
8.10000 22.24235 26.79519
8.13000 22.22707 26.79612
8.16000 22.21170 26.79725
8.19000 22.19624 26.79859
8.22000 22.18065 26.80013
8.25000 22.16495 26.80189
8.28000 22.14913 26.80389
8.31000 22.13317 26.80614
8.34000 22.11707 26.80865
8.37000 22.10082 26.81145
8.40000 22.08442 26.81455
8.43000 22.06787 26.81798
8.46000 22.05117 26.82176
8.49000 22.03434 26.82591
8.52000 22.01738 26.83046
8.55000 22.00030 26.83544
8.58000 21.98310 26.84085
8.61000 21.96583 26.84674
8.64000 21.94846 26.85312
8.67000 21.93106 26.86001
8.70000 21.91364 26.86744
8.73000 21.89621 26.87541
8.76000 21.87882 26.88396
8.79000 21.86149 26.89309
8.82000 21.84426 26.90281
8.85000 21.82717 26.91315
8.88000 21.81025 26.92410
8.91000 21.79353 26.93566
8.94000 21.77705 26.94785
8.97000 21.76087 26.96065
9.00000 21.74500 26.97408
9.03000 21.72950 26.98811
9.06000 21.71439 27.00275
9.09000 21.69973 27.01798
9.12000 21.68554 27.03378
9.15000 21.67188 27.05014
9.18000 21.65877 27.06704
9.21000 21.64625 27.08446
9.24000 21.63434 27.10238
9.27000 21.62309 27.12077
9.30000 21.61253 27.13960
9.33000 21.60268 27.15885
9.36000 21.59359 27.17846
9.39000 21.58526 27.19841
9.42000 21.57773 27.21869
9.45000 21.57101 27.23925
9.48000 21.56513 27.26004
9.51000 21.56011 27.28103
9.54000 21.55596 27.30218
9.57000 21.55270 27.32346
9.60000 21.55034 27.34481
9.63000 21.54890 27.36621
9.66000 21.54835 27.38758
9.69000 21.54875 27.40891
9.72000 21.55007 27.43013
9.75000 21.55232 27.45121
9.78000 21.55551 27.47211
9.81000 21.55963 27.49276
9.84000 21.56466 27.51313
9.87000 21.57062 27.53316
9.90000 21.57748 27.55282
9.93000 21.58524 27.57206
9.96000 21.59388 27.59082
9.99000 21.60338 27.60906
10.02000 21.61374 27.62673
10.05000 21.62491 27.64378
10.08000 21.63688 27.66018
10.11000 21.64964 27.67587
10.14000 21.66313 27.69081
10.17000 21.67734 27.70497
10.20000 21.69222 27.71828
10.23000 21.70775 27.73071
10.26000 21.72388 27.74222
10.29000 21.74056 27.75277
10.32000 21.75776 27.76232
10.35000 21.77542 27.77085
10.38000 21.79348 27.77832
10.41000 21.81191 27.78469
10.44000 21.83064 27.78994
10.47000 21.84961 27.79405
10.50000 21.86875 27.79699
10.53000 21.88799 27.79875
10.56000 21.90728 27.79932
10.59000 21.92655 27.79869
10.62000 21.94573 27.79685
10.65000 21.96473 27.79381
10.68000 21.98349 27.78959
10.71000 22.00194 27.78419
10.74000 22.02001 27.77763
10.77000 22.03763 27.76994
10.80000 22.05473 27.76115
10.83000 22.07122 27.75130
10.86000 22.08709 27.74042
10.89000 22.10223 27.72857
10.92000 22.11661 27.71581
10.95000 22.13015 27.70218
10.98000 22.14281 27.68775
11.01000 22.15456 27.67258
11.04000 22.16535 27.65674
11.07000 22.17516 27.64031
11.10000 22.18397 27.62336
11.13000 22.19174 27.60596
11.16000 22.19847 27.58817
11.19000 22.20415 27.57007
11.22000 22.20877 27.55175
11.25000 22.21236 27.53326
11.28000 22.21492 27.51468
11.31000 22.21646 27.49606
11.34000 22.21700 27.47746
11.37000 22.21657 27.45895
11.40000 22.21521 27.44058
11.43000 22.21294 27.42239
11.46000 22.20979 27.40444
11.49000 22.20581 27.38675
11.52000 22.20103 27.36936
11.55000 22.19549 27.35231
11.58000 22.18924 27.33562
11.61000 22.18230 27.31931
11.64000 22.17473 27.30340
11.67000 22.16656 27.28789
11.70000 22.15783 27.27279
11.73000 22.14858 27.25811
11.76000 22.13884 27.24385
11.79000 22.12864 27.23001
11.82000 22.11801 27.21659
11.85000 22.10699 27.20359
11.88000 22.09559 27.19098
11.91000 22.08384 27.17879
11.94000 22.07176 27.16699
11.97000 22.05937 27.15556
12.00000 22.04669 27.14450
12.03000 22.03372 27.13380
12.06000 22.02049 27.12346
12.09000 22.00699 27.11345
12.12000 21.99324 27.10377
12.15000 21.97924 27.09442
12.18000 21.96500 27.08539
12.21000 21.95051 27.07667
12.24000 21.93579 27.06826
12.27000 21.92082 27.06016
12.30000 21.90562 27.05237
12.33000 21.89016 27.04488
12.36000 21.87446 27.03769
12.39000 21.85851 27.03082
12.42000 21.84232 27.02428
12.45000 21.82588 27.01806
12.48000 21.80918 27.01217
12.51000 21.79224 27.00663
12.54000 21.77503 27.00145
12.57000 21.75759 26.99664
12.60000 21.73990 26.99222
12.63000 21.72197 26.98820
12.66000 21.70380 26.98461
12.69000 21.68540 26.98145
12.72000 21.66677 26.97874
12.75000 21.64793 26.97651
12.78000 21.62890 26.97477
12.81000 21.60968 26.97355
12.84000 21.59028 26.97285
12.87000 21.57073 26.97271
12.90000 21.55104 26.97313
12.93000 21.53125 26.97416
12.96000 21.51137 26.97579
12.99000 21.49142 26.97804
13.02000 21.47141 26.98094
13.05000 21.45141 26.98449
13.08000 21.43144 26.98872
13.11000 21.41151 26.99364
13.14000 21.39167 26.99924
13.17000 21.37195 27.00556
13.20000 21.35239 27.01259
13.23000 21.33302 27.02035
13.26000 21.31389 27.02884
13.29000 21.29502 27.03805
13.32000 21.27645 27.04800
13.35000 21.25825 27.05866
13.38000 21.24044 27.07006
13.41000 21.22308 27.08217
13.44000 21.20618 27.09500
13.47000 21.18980 27.10852
13.50000 21.17398 27.12275
13.53000 21.15879 27.13762
13.56000 21.14428 27.15317
13.59000 21.13041 27.16934
13.62000 21.11728 27.18612
13.65000 21.10494 27.20349
13.68000 21.09343 27.22141
13.71000 21.08277 27.23984
13.74000 21.07302 27.25876
13.77000 21.06421 27.27811
13.80000 21.05637 27.29787
13.83000 21.04953 27.31800
13.86000 21.04374 27.33844
13.89000 21.03902 27.35914
13.92000 21.03540 27.38004
13.95000 21.03290 27.40108
13.98000 21.03155 27.42222
14.01000 21.03135 27.44338
14.04000 21.03233 27.46449
14.07000 21.03449 27.48550
14.10000 21.03784 27.50632
14.13000 21.04237 27.52690
14.16000 21.04808 27.54716
14.19000 21.05493 27.56703
14.22000 21.06298 27.58641
14.25000 21.07213 27.60527
14.28000 21.08237 27.62351
14.31000 21.09366 27.64107
14.34000 21.10599 27.65787
14.37000 21.11927 27.67384
14.40000 21.13348 27.68893
14.43000 21.14855 27.70308
14.46000 21.16440 27.71623
14.49000 21.18099 27.72833
14.52000 21.19823 27.73935
14.55000 21.21606 27.74922
14.58000 21.23438 27.75792
14.61000 21.25314 27.76542
14.64000 21.27221 27.77173
14.67000 21.29154 27.77681
14.70000 21.31106 27.78065
14.73000 21.33067 27.78326
14.76000 21.35028 27.78465
14.79000 21.36983 27.78483
14.82000 21.38923 27.78382
14.85000 21.40841 27.78164
14.88000 21.42731 27.77833
14.91000 21.44586 27.77392
14.94000 21.46400 27.76845
14.97000 21.48166 27.76197
15.00000 21.49882 27.75452
15.03000 21.51541 27.74615
15.06000 21.53141 27.73692
15.09000 21.54677 27.72687
15.12000 21.56147 27.71606
15.15000 21.57548 27.70454
15.18000 21.58877 27.69237
15.21000 21.60133 27.67959
15.24000 21.61317 27.66627
15.27000 21.62427 27.65245
15.30000 21.63463 27.63818
15.33000 21.64426 27.62352
15.36000 21.65315 27.60849
15.39000 21.66133 27.59315
15.42000 21.66878 27.57754
15.45000 21.67553 27.56168
15.48000 21.68160 27.54563
15.51000 21.68700 27.52940
15.54000 21.69174 27.51303
15.57000 21.69585 27.49654
15.60000 21.69934 27.47996
15.63000 21.70222 27.46330
15.66000 21.70452 27.44658
15.69000 21.70625 27.42983
15.72000 21.70744 27.41306
15.75000 21.70809 27.39628
15.78000 21.70822 27.37948
15.81000 21.70785 27.36269
15.84000 21.70699 27.34591
15.87000 21.70564 27.32915
15.90000 21.70383 27.31242
15.93000 21.70155 27.29572
15.96000 21.69882 27.27904
15.99000 21.69564 27.26240
16.02000 21.69201 27.24580
16.05000 21.68794 27.22924
16.08000 21.68343 27.21274
16.11000 21.67848 27.19628
16.14000 21.67310 27.17986
16.17000 21.66727 27.16352
16.20000 21.66099 27.14721
16.23000 21.65427 27.13103
16.26000 21.64709 27.11490
16.29000 21.63946 27.09886
16.32000 21.63136 27.08292
16.35000 21.62281 27.06708
16.38000 21.61378 27.05137
16.41000 21.60426 27.03580
16.44000 21.59427 27.02039
16.47000 21.58378 27.00516
16.50000 21.57281 26.99011
16.53000 21.56134 26.97528
16.56000 21.54938 26.96067
16.59000 21.53691 26.94631
16.62000 21.52395 26.93223
16.65000 21.51050 26.91845
16.68000 21.49654 26.90499
16.71000 21.48209 26.89188
16.74000 21.46716 26.87915
16.77000 21.45175 26.86683
16.80000 21.43587 26.85493
16.83000 21.41952 26.84350
16.86000 21.40274 26.83255
16.89000 21.38550 26.82211
16.92000 21.36785 26.81221
16.95000 21.34979 26.80288
16.98000 21.33136 26.79415
17.01000 21.31257 26.78605
17.04000 21.29345 26.77859
17.07000 21.27399 26.77181
17.10000 21.25426 26.76573
17.13000 21.23426 26.76037
17.16000 21.21403 26.75576
17.19000 21.19360 26.75192
17.22000 21.17299 26.74885
17.25000 21.15225 26.74660
17.28000 21.13144 26.74518
17.31000 21.11055 26.74459
17.34000 21.08964 26.74485
17.37000 21.06873 26.74598
17.40000 21.04791 26.74800
17.43000 21.02719 26.75089
17.46000 21.00661 26.75467
17.49000 20.98623 26.75936
17.52000 20.96605 26.76494
17.55000 20.94619 26.77142
17.58000 20.92666 26.77879
17.61000 20.90750 26.78705
17.64000 20.88876 26.79620
17.67000 20.87051 26.80621
17.70000 20.85279 26.81709
17.73000 20.83563 26.82881
17.76000 20.81910 26.84134
17.79000 20.80324 26.85467
17.82000 20.78810 26.86876
17.85000 20.77372 26.88360
17.88000 20.76016 26.89913
17.91000 20.74745 26.91536
17.94000 20.73565 26.93220
17.97000 20.72479 26.94962
18.00000 20.71491 26.96758
18.03000 20.70605 26.98603
18.06000 20.69825 27.00492
18.09000 20.69153 27.02418
18.12000 20.68592 27.04375
18.15000 20.68144 27.06358
18.18000 20.67813 27.08360
18.21000 20.67598 27.10373
18.24000 20.67501 27.12394
18.27000 20.67522 27.14412
18.30000 20.67663 27.16421
18.33000 20.67921 27.18414
18.36000 20.68297 27.20384
18.39000 20.68789 27.22325
18.42000 20.69394 27.24228
18.45000 20.70110 27.26086
18.48000 20.70934 27.27892
18.51000 20.71863 27.29641
18.54000 20.72892 27.31325
18.57000 20.74016 27.32941
18.60000 20.75231 27.34481
18.63000 20.76530 27.35941
18.66000 20.77910 27.37317
18.69000 20.79362 27.38604
18.72000 20.80883 27.39799
18.75000 20.82464 27.40896
18.78000 20.84098 27.41896
18.81000 20.85781 27.42796
18.84000 20.87504 27.43594
18.87000 20.89262 27.44291
18.90000 20.91047 27.44884
18.93000 20.92855 27.45375
18.96000 20.94679 27.45766
18.99000 20.96509 27.46051
19.02000 20.98344 27.46240
19.05000 21.00177 27.46331
19.08000 21.02004 27.46326
19.11000 21.03819 27.46229
19.14000 21.05616 27.46040
19.17000 21.07396 27.45767
19.20000 21.09150 27.45408
19.23000 21.10877 27.44969
19.26000 21.12574 27.44452
19.29000 21.14239 27.43861
19.32000 21.15868 27.43200
19.35000 21.17461 27.42472
19.38000 21.19015 27.41681
19.41000 21.20530 27.40829
19.44000 21.22004 27.39919
19.47000 21.23436 27.38956
19.50000 21.24825 27.37942
19.53000 21.26172 27.36879
19.56000 21.27476 27.35771
19.59000 21.28737 27.34620
19.62000 21.29956 27.33427
19.65000 21.31133 27.32197
19.68000 21.32267 27.30930
19.71000 21.33360 27.29628
19.74000 21.34410 27.28293
19.77000 21.35419 27.26925
19.80000 21.36387 27.25527
19.83000 21.37314 27.24100
19.86000 21.38201 27.22645
19.89000 21.39047 27.21163
19.92000 21.39853 27.19654
19.95000 21.40619 27.18119
19.98000 21.41344 27.16559
20.01000 21.42028 27.14975
20.04000 21.42672 27.13367
20.07000 21.43274 27.11735
20.10000 21.43835 27.10081
20.13000 21.44353 27.08404
20.16000 21.44831 27.06705
20.19000 21.45260 27.04985
20.22000 21.45648 27.03246
20.25000 21.45988 27.01484
20.28000 21.46282 26.99705
20.31000 21.46528 26.97907
20.34000 21.46725 26.96092
20.37000 21.46872 26.94262
20.40000 21.46966 26.92417
20.43000 21.47007 26.90558
20.46000 21.46994 26.88688
20.49000 21.46926 26.86806
20.52000 21.46800 26.84917
20.55000 21.46615 26.83021
20.58000 21.46371 26.81121
20.61000 21.46065 26.79218
20.64000 21.45698 26.77315
20.67000 21.45268 26.75415
20.70000 21.44772 26.73520
20.73000 21.44212 26.71633
20.76000 21.43587 26.69756
20.79000 21.42894 26.67894
20.82000 21.42135 26.66048
20.85000 21.41309 26.64222
20.88000 21.40415 26.62420
20.91000 21.39453 26.60644
20.94000 21.38424 26.58899
20.97000 21.37328 26.57189
21.00000 21.36165 26.55515
21.03000 21.34937 26.53883
21.06000 21.33645 26.52295
21.09000 21.32288 26.50755
21.12000 21.30869 26.49267
21.15000 21.29390 26.47835
21.18000 21.27850 26.46462
21.21000 21.26255 26.45152
21.24000 21.24605 26.43909
21.27000 21.22902 26.42735
21.30000 21.21150 26.41634
21.33000 21.19350 26.40610
21.36000 21.17507 26.39665
21.39000 21.15624 26.38804
21.42000 21.13705 26.38029
21.45000 21.11753 26.37342
21.48000 21.09772 26.36747
21.51000 21.07765 26.36245
21.54000 21.05739 26.35839
21.57000 21.03697 26.35531
21.60000 21.01644 26.35323
21.63000 20.99586 26.35216
21.66000 20.97527 26.35212
21.69000 20.95473 26.35312
21.72000 20.93427 26.35515
21.75000 20.91399 26.35823
21.78000 20.89392 26.36236
21.81000 20.87411 26.36752
21.84000 20.85463 26.37373
21.87000 20.83555 26.38095
21.90000 20.81692 26.38918
21.93000 20.79878 26.39840
21.96000 20.78124 26.40858
21.99000 20.76430 26.41971
22.02000 20.74804 26.43174
22.05000 20.73251 26.44463
22.08000 20.71776 26.45836
22.11000 20.70384 26.47286
22.14000 20.69081 26.48810
22.17000 20.67869 26.50403
22.20000 20.66754 26.52060
22.23000 20.65741 26.53772
22.26000 20.64830 26.55536
22.29000 20.64024 26.57346
22.32000 20.63327 26.59193
22.35000 20.62740 26.61073
22.38000 20.62265 26.62978
22.41000 20.61903 26.64901
22.44000 20.61654 26.66834
22.47000 20.61518 26.68772
22.50000 20.61495 26.70708
22.53000 20.61583 26.72635
22.56000 20.61780 26.74546
22.59000 20.62086 26.76436
22.62000 20.62497 26.78296
22.65000 20.63010 26.80123
22.68000 20.63622 26.81911
22.71000 20.64330 26.83655
22.74000 20.65130 26.85350
22.77000 20.66017 26.86991
22.80000 20.66988 26.88575
22.83000 20.68038 26.90098
22.86000 20.69162 26.91558
22.89000 20.70355 26.92949
22.92000 20.71614 26.94271
22.95000 20.72932 26.95521
22.98000 20.74306 26.96698
23.01000 20.75731 26.97802
23.04000 20.77201 26.98831
23.07000 20.78712 26.99785
23.10000 20.80260 27.00663
23.13000 20.81841 27.01464
23.16000 20.83451 27.02191
23.19000 20.85085 27.02843
23.22000 20.86741 27.03422
23.25000 20.88414 27.03928
23.28000 20.90101 27.04363
23.31000 20.91801 27.04727
23.34000 20.93509 27.05022
23.37000 20.95223 27.05249
23.40000 20.96941 27.05411
23.43000 20.98660 27.05508
23.46000 21.00379 27.05541
23.49000 21.02097 27.05514
23.52000 21.03810 27.05425
23.55000 21.05517 27.05278
23.58000 21.07219 27.05074
23.61000 21.08912 27.04813
23.64000 21.10596 27.04497
23.67000 21.12271 27.04128
23.70000 21.13935 27.03705
23.73000 21.15587 27.03230
23.76000 21.17226 27.02704
23.79000 21.18851 27.02128
23.82000 21.20463 27.01502
23.85000 21.22059 27.00827
23.88000 21.23640 27.00104
23.91000 21.25203 26.99331
23.94000 21.26748 26.98511
23.97000 21.28275 26.97643
24.00000 21.29781 26.96727
24.03000 21.31268 26.95765
24.06000 21.32732 26.94755
24.09000 21.34173 26.93698
24.12000 21.35589 26.92595
24.15000 21.36980 26.91445
24.18000 21.38343 26.90248
24.21000 21.39677 26.89005
24.24000 21.40980 26.87717
24.27000 21.42250 26.86382
24.30000 21.43485 26.85003
24.33000 21.44685 26.83579
24.36000 21.45846 26.82111
24.39000 21.46966 26.80600
24.42000 21.48044 26.79046
24.45000 21.49078 26.77449
24.48000 21.50064 26.75812
24.51000 21.51001 26.74137
24.54000 21.51886 26.72423
24.57000 21.52717 26.70674
24.60000 21.53492 26.68889
24.63000 21.54209 26.67069
24.66000 21.54865 26.65219
24.69000 21.55460 26.63341
24.72000 21.55987 26.61435
24.75000 21.56449 26.59504
24.78000 21.56842 26.57551
24.81000 21.57164 26.55579
24.84000 21.57413 26.53591
24.87000 21.57587 26.51590
24.90000 21.57685 26.49579
24.93000 21.57706 26.47561
24.96000 21.57648 26.45539
24.99000 21.57509 26.43517
25.02000 21.57290 26.41500
25.05000 21.56988 26.39491
25.08000 21.56604 26.37492
25.11000 21.56137 26.35510
25.14000 21.55586 26.33547
25.17000 21.54952 26.31608
25.20000 21.54235 26.29697
25.23000 21.53435 26.27818
25.26000 21.52553 26.25976
25.29000 21.51590 26.24175
25.32000 21.50546 26.22419
25.35000 21.49423 26.20714
25.38000 21.48223 26.19063
25.41000 21.46947 26.17470
25.44000 21.45598 26.15941
25.47000 21.44180 26.14479
25.50000 21.42693 26.13088
25.53000 21.41141 26.11773
25.56000 21.39527 26.10536
25.59000 21.37855 26.09383
25.62000 21.36130 26.08318
25.65000 21.34354 26.07343
25.68000 21.32534 26.06461
25.71000 21.30672 26.05676
25.74000 21.28774 26.04991
25.77000 21.26845 26.04407
25.80000 21.24891 26.03927
25.83000 21.22917 26.03554
25.86000 21.20929 26.03287
25.89000 21.18933 26.03130
25.92000 21.16934 26.03082
25.95000 21.14940 26.03144
25.98000 21.12956 26.03316
26.01000 21.10989 26.03597
26.04000 21.09044 26.03987
26.07000 21.07128 26.04483
26.10000 21.05247 26.05086
26.13000 21.03407 26.05791
26.16000 21.01614 26.06598
26.19000 20.99874 26.07502
26.22000 20.98193 26.08500
26.25000 20.96574 26.09588
26.28000 20.95025 26.10764
26.31000 20.93550 26.12021
26.34000 20.92152 26.13356
26.37000 20.90836 26.14763
26.40000 20.89604 26.16237
26.43000 20.88461 26.17772
26.46000 20.87408 26.19362
26.49000 20.86449 26.21003
26.52000 20.85586 26.22689
26.55000 20.84819 26.24413
26.58000 20.84150 26.26168
26.61000 20.83579 26.27952
26.64000 20.83106 26.29756
26.67000 20.82731 26.31576
26.70000 20.82454 26.33406
26.73000 20.82273 26.35241
26.76000 20.82189 26.37074
26.79000 20.82197 26.38902
26.82000 20.82297 26.40721
26.85000 20.82487 26.42525
26.88000 20.82764 26.44312
26.91000 20.83126 26.46075
26.94000 20.83571 26.47811
26.97000 20.84094 26.49521
27.00000 20.84693 26.51198
27.03000 20.85366 26.52841
27.06000 20.86110 26.54448
27.09000 20.86919 26.56014
27.12000 20.87793 26.57539
27.15000 20.88729 26.59023
27.18000 20.89722 26.60463
27.21000 20.90771 26.61856
27.24000 20.91873 26.63203
27.27000 20.93025 26.64504
27.30000 20.94223 26.65757
27.33000 20.95466 26.66962
27.36000 20.96752 26.68119
27.39000 20.98077 26.69227
27.42000 20.99440 26.70286
27.45000 21.00839 26.71296
27.48000 21.02272 26.72256
27.51000 21.03737 26.73167
27.54000 21.05232 26.74029
27.57000 21.06756 26.74842
27.60000 21.08306 26.75605
27.63000 21.09883 26.76318
27.66000 21.11485 26.76982
27.69000 21.13110 26.77597
27.72000 21.14757 26.78161
27.75000 21.16424 26.78675
27.78000 21.18110 26.79139
27.81000 21.19815 26.79552
27.84000 21.21538 26.79914
27.87000 21.23277 26.80224
27.90000 21.25031 26.80482
27.93000 21.26798 26.80687
27.96000 21.28577 26.80839
27.99000 21.30368 26.80937
28.02000 21.32169 26.80980
28.05000 21.33979 26.80969
28.08000 21.35795 26.80901
28.11000 21.37617 26.80776
28.14000 21.39441 26.80593
28.17000 21.41269 26.80353
28.20000 21.43097 26.80053
28.23000 21.44922 26.79694
28.26000 21.46743 26.79273
28.29000 21.48558 26.78792
28.32000 21.50364 26.78249
28.35000 21.52160 26.77645
28.38000 21.53943 26.76977
28.41000 21.55709 26.76247
28.44000 21.57458 26.75454
28.47000 21.59185 26.74597
28.50000 21.60888 26.73677
28.53000 21.62564 26.72695
28.56000 21.64210 26.71650
28.59000 21.65823 26.70542
28.62000 21.67400 26.69373
28.65000 21.68938 26.68142
28.68000 21.70434 26.66851
28.71000 21.71884 26.65502
28.74000 21.73285 26.64095
28.77000 21.74634 26.62632
28.80000 21.75929 26.61114
28.83000 21.77166 26.59543
28.86000 21.78341 26.57920
28.89000 21.79453 26.56249
28.92000 21.80497 26.54532
28.95000 21.81470 26.52772
28.98000 21.82371 26.50971
29.01000 21.83195 26.49132
29.04000 21.83942 26.47256
29.07000 21.84608 26.45349
29.10000 21.85194 26.43413
29.13000 21.85688 26.41457
29.16000 21.86098 26.39478
29.19000 21.86419 26.37482
29.22000 21.86649 26.35473
29.25000 21.86787 26.33457
29.28000 21.86831 26.31437
29.31000 21.86780 26.29418
29.34000 21.86634 26.27405
29.37000 21.86392 26.25402
29.40000 21.86054 26.23414
29.43000 21.85620 26.21447
29.46000 21.85090 26.19506
29.49000 21.84465 26.17594
29.52000 21.83746 26.15719
29.55000 21.82934 26.13884
29.58000 21.82030 26.12095
29.61000 21.81038 26.10356
29.64000 21.79958 26.08673
29.67000 21.78794 26.07052
29.70000 21.77548 26.05497
29.73000 21.76223 26.04012
29.76000 21.74824 26.02601
29.79000 21.73354 26.01269
29.82000 21.71818 26.00020
29.85000 21.70219 25.98857
29.88000 21.68563 25.97786
29.91000 21.66854 25.96808
29.94000 21.65097 25.95927
29.97000 21.63300 25.95145
30.00000 21.61466 25.94464
30.03000 21.59602 25.93886
30.06000 21.57713 25.93413
30.09000 21.55805 25.93046
30.12000 21.53885 25.92785
30.15000 21.51959 25.92630
30.18000 21.50033 25.92583
30.21000 21.48113 25.92641
30.24000 21.46204 25.92804
30.27000 21.44312 25.93070
30.30000 21.42444 25.93439
30.33000 21.40605 25.93907
30.36000 21.38799 25.94472
30.39000 21.37032 25.95131
30.42000 21.35307 25.95884
30.45000 21.33632 25.96722
30.48000 21.32009 25.97645
30.51000 21.30442 25.98649
30.54000 21.28934 25.99730
30.57000 21.27491 26.00883
30.60000 21.26114 26.02105
30.63000 21.24804 26.03391
30.66000 21.23565 26.04736
30.69000 21.22399 26.06136
30.72000 21.21306 26.07587
30.75000 21.20288 26.09084
30.78000 21.19347 26.10623
30.81000 21.18484 26.12199
30.84000 21.17697 26.13810
30.87000 21.16987 26.15450
30.90000 21.16354 26.17115
30.93000 21.15798 26.18801
30.96000 21.15318 26.20507
30.99000 21.14914 26.22227
31.02000 21.14585 26.23958
31.05000 21.14330 26.25698
31.08000 21.14146 26.27443
31.11000 21.14034 26.29191
31.14000 21.13992 26.30939
31.17000 21.14019 26.32684
31.20000 21.14114 26.34424
31.23000 21.14274 26.36159
31.26000 21.14500 26.37882
31.29000 21.14789 26.39596
31.32000 21.15140 26.41298
31.35000 21.15552 26.42986
31.38000 21.16024 26.44659
31.41000 21.16553 26.46313
31.44000 21.17140 26.47950
31.47000 21.17782 26.49567
31.50000 21.18480 26.51163
31.53000 21.19231 26.52738
31.56000 21.20036 26.54289
31.59000 21.20892 26.55815
31.62000 21.21800 26.57315
31.65000 21.22758 26.58788
31.68000 21.23765 26.60234
31.71000 21.24821 26.61650
31.74000 21.25924 26.63036
31.77000 21.27075 26.64390
31.80000 21.28272 26.65712
31.83000 21.29515 26.66999
31.86000 21.30803 26.68250
31.89000 21.32136 26.69464
31.92000 21.33511 26.70639
31.95000 21.34929 26.71773
31.98000 21.36388 26.72866
32.01000 21.37888 26.73915
32.04000 21.39427 26.74919
32.07000 21.41005 26.75876
32.10000 21.42620 26.76785
32.13000 21.44272 26.77643
32.16000 21.45958 26.78449
32.19000 21.47677 26.79201
32.22000 21.49427 26.79897
32.25000 21.51207 26.80535
32.28000 21.53015 26.81114
32.31000 21.54849 26.81632
32.34000 21.56706 26.82086
32.37000 21.58585 26.82476
32.40000 21.60483 26.82800
32.43000 21.62399 26.83056
32.46000 21.64329 26.83243
32.49000 21.66271 26.83359
32.52000 21.68220 26.83402
32.55000 21.70176 26.83373
32.58000 21.72134 26.83270
32.61000 21.74092 26.83091
32.64000 21.76046 26.82836
32.67000 21.77993 26.82504
32.70000 21.79929 26.82094
32.73000 21.81850 26.81607
32.76000 21.83754 26.81042
32.79000 21.85636 26.80400
32.82000 21.87492 26.79679
32.85000 21.89318 26.78881
32.88000 21.91112 26.78005
32.91000 21.92867 26.77054
32.94000 21.94582 26.76028
32.97000 21.96253 26.74928
33.00000 21.97874 26.73755
33.03000 21.99442 26.72510
33.06000 22.00955 26.71198
33.09000 22.02406 26.69819
33.12000 22.03793 26.68375
33.15000 22.05111 26.66869
33.18000 22.06359 26.65304
33.21000 22.07531 26.63682
33.24000 22.08625 26.62008
33.27000 22.09638 26.60285
33.30000 22.10565 26.58516
33.33000 22.11405 26.56706
33.36000 22.12156 26.54858
33.39000 22.12813 26.52978
33.42000 22.13375 26.51069
33.45000 22.13841 26.49136
33.48000 22.14206 26.47184
33.51000 22.14476 26.45216
33.54000 22.14643 26.43243
33.57000 22.14708 26.41266
33.60000 22.14672 26.39290
33.63000 22.14528 26.37323
33.66000 22.14288 26.35367
33.69000 22.13943 26.33431
33.72000 22.13498 26.31518
33.75000 22.12953 26.29636
33.78000 22.12309 26.27787
33.81000 22.11570 26.25980
33.84000 22.10736 26.24217
33.87000 22.09811 26.22506
33.90000 22.08797 26.20851
33.93000 22.07698 26.19256
33.96000 22.06518 26.17727
33.99000 22.05260 26.16267
34.02000 22.03928 26.14879
34.05000 22.02527 26.13568
34.08000 22.01062 26.12338
34.11000 21.99536 26.11191
34.14000 21.97955 26.10130
34.17000 21.96324 26.09159
34.20000 21.94650 26.08278
34.23000 21.92935 26.07490
34.26000 21.91187 26.06795
34.29000 21.89410 26.06195
34.32000 21.87609 26.05690
34.35000 21.85790 26.05282
34.38000 21.83957 26.04968
34.41000 21.82117 26.04749
34.44000 21.80275 26.04625
34.47000 21.78433 26.04594
34.50000 21.76598 26.04656
34.53000 21.74774 26.04807
34.56000 21.72966 26.05048
34.59000 21.71178 26.05376
34.62000 21.69412 26.05788
34.65000 21.67673 26.06281
34.68000 21.65963 26.06855
34.71000 21.64287 26.07506
34.74000 21.62647 26.08231
34.77000 21.61046 26.09028
34.80000 21.59486 26.09893
34.83000 21.57971 26.10824
34.86000 21.56501 26.11818
34.89000 21.55079 26.12873
34.92000 21.53704 26.13984
34.95000 21.52380 26.15149
34.98000 21.51108 26.16367
35.01000 21.49887 26.17632
35.04000 21.48720 26.18944
35.07000 21.47607 26.20299
35.10000 21.46549 26.21695
35.13000 21.45547 26.23130
35.16000 21.44600 26.24601
35.19000 21.43709 26.26105
35.22000 21.42875 26.27640
35.25000 21.42097 26.29206
35.28000 21.41376 26.30799
35.31000 21.40711 26.32417
35.34000 21.40104 26.34060
35.37000 21.39555 26.35723
35.40000 21.39063 26.37405
35.43000 21.38629 26.39106
35.46000 21.38252 26.40824
35.49000 21.37933 26.42557
35.52000 21.37672 26.44302
35.55000 21.37470 26.46059
35.58000 21.37326 26.47825
35.61000 21.37240 26.49600
35.64000 21.37213 26.51382
35.67000 21.37245 26.53169
35.70000 21.37336 26.54959
35.73000 21.37487 26.56750
35.76000 21.37698 26.58540
35.79000 21.37969 26.60329
35.82000 21.38300 26.62115
35.85000 21.38691 26.63894
35.88000 21.39143 26.65665
35.91000 21.39657 26.67427
35.94000 21.40231 26.69176
35.97000 21.40867 26.70911
36.00000 21.41563 26.72630
36.03000 21.42321 26.74330
36.06000 21.43140 26.76009
36.09000 21.44020 26.77665
36.12000 21.44960 26.79294
36.15000 21.45960 26.80895
36.18000 21.47020 26.82466
36.21000 21.48139 26.84002
36.24000 21.49316 26.85502
36.27000 21.50551 26.86963
36.30000 21.51843 26.88382
36.33000 21.53190 26.89757
36.36000 21.54591 26.91084
36.39000 21.56045 26.92361
36.42000 21.57550 26.93585
36.45000 21.59104 26.94753
36.48000 21.60706 26.95864
36.51000 21.62355 26.96913
36.54000 21.64046 26.97899
36.57000 21.65779 26.98819
36.60000 21.67550 26.99670
36.63000 21.69356 27.00450
36.66000 21.71196 27.01156
36.69000 21.73066 27.01787
36.72000 21.74963 27.02341
36.75000 21.76883 27.02814
36.78000 21.78823 27.03206
36.81000 21.80780 27.03515
36.84000 21.82749 27.03740
36.87000 21.84728 27.03879
36.90000 21.86712 27.03930
36.93000 21.88697 27.03893
36.96000 21.90678 27.03768
36.99000 21.92652 27.03554
37.02000 21.94614 27.03249
37.05000 21.96560 27.02855
37.08000 21.98485 27.02371
37.11000 22.00385 27.01798
37.14000 22.02255 27.01136
37.17000 22.04091 27.00387
37.20000 22.05887 26.99551
37.23000 22.07639 26.98630
37.26000 22.09343 26.97626
37.29000 22.10994 26.96540
37.32000 22.12589 26.95375
37.35000 22.14122 26.94134
37.38000 22.15590 26.92820
37.41000 22.16989 26.91434
37.44000 22.18315 26.89982
37.47000 22.19563 26.88466
37.50000 22.20730 26.86890
37.53000 22.21813 26.85259
37.56000 22.22810 26.83578
37.59000 22.23716 26.81849
37.62000 22.24531 26.80079
37.65000 22.25250 26.78271
37.68000 22.25874 26.76431
37.71000 22.26398 26.74565
37.74000 22.26824 26.72679
37.77000 22.27149 26.70773
37.80000 22.27373 26.68859
37.83000 22.27495 26.66939
37.86000 22.27516 26.65020
37.89000 22.27435 26.63107
37.92000 22.27254 26.61205
37.95000 22.26975 26.59319
37.98000 22.26597 26.57455
38.01000 22.26123 26.55619
38.04000 22.25554 26.53815
38.07000 22.24895 26.52046
38.10000 22.24146 26.50319
38.13000 22.23311 26.48637
38.16000 22.22393 26.47005
38.19000 22.21395 26.45426
38.22000 22.20320 26.43904
38.25000 22.19173 26.42444
38.28000 22.17956 26.41048
38.31000 22.16674 26.39718
38.34000 22.15332 26.38458
38.37000 22.13933 26.37268
38.40000 22.12482 26.36151
38.43000 22.10982 26.35109
38.46000 22.09438 26.34143
38.49000 22.07853 26.33254
38.52000 22.06232 26.32444
38.55000 22.04579 26.31712
38.58000 22.02899 26.31059
38.61000 22.01195 26.30485
38.64000 21.99470 26.29989
38.67000 21.97729 26.29573
38.70000 21.95975 26.29236
38.73000 21.94212 26.28975
38.76000 21.92443 26.28792
38.79000 21.90671 26.28684
38.82000 21.88898 26.28652
38.85000 21.87128 26.28693
38.88000 21.85364 26.28806
38.91000 21.83609 26.28992
38.94000 21.81864 26.29247
38.97000 21.80133 26.29571
39.00000 21.78416 26.29962
39.03000 21.76717 26.30419
39.06000 21.75037 26.30941
39.09000 21.73380 26.31526
39.12000 21.71746 26.32173
39.15000 21.70136 26.32880
39.18000 21.68553 26.33645
39.21000 21.66995 26.34466
39.24000 21.65471 26.35347
39.27000 21.63976 26.36281
39.30000 21.62513 26.37269
39.33000 21.61085 26.38309
39.36000 21.59691 26.39400
39.39000 21.58334 26.40540
39.42000 21.57016 26.41729
39.45000 21.55736 26.42966
39.48000 21.54498 26.44248
39.51000 21.53301 26.45575
39.54000 21.52147 26.46945
39.57000 21.51038 26.48358
39.60000 21.49975 26.49811
39.63000 21.48960 26.51304
39.66000 21.47994 26.52835
39.69000 21.47078 26.54403
39.72000 21.46213 26.56006
39.75000 21.45402 26.57642
39.78000 21.44645 26.59311
39.81000 21.43943 26.61011
39.84000 21.43299 26.62739
39.87000 21.42714 26.64495
39.90000 21.42189 26.66275
39.93000 21.41726 26.68079
39.96000 21.41325 26.69903
39.99000 21.40989 26.71747
40.02000 21.40717 26.73607
40.05000 21.40513 26.75482
40.08000 21.40376 26.77368
40.11000 21.40309 26.79263
40.14000 21.40311 26.81165
40.17000 21.40384 26.83071
40.20000 21.40528 26.84979
40.23000 21.40745 26.86883
40.26000 21.41035 26.88783
40.29000 21.41397 26.90675
40.32000 21.41834 26.92556
40.35000 21.42345 26.94423
40.38000 21.42929 26.96272
40.41000 21.43588 26.98099
40.44000 21.44320 26.99903
40.47000 21.45126 27.01678
40.50000 21.46004 27.03422
40.53000 21.46954 27.05132
40.56000 21.47975 27.06802
40.59000 21.49067 27.08432
40.62000 21.50227 27.10016
40.65000 21.51454 27.11549
40.68000 21.52746 27.13030
40.71000 21.54102 27.14456
40.74000 21.55519 27.15822
40.77000 21.56996 27.17125
40.80000 21.58529 27.18362
40.83000 21.60117 27.19530
40.86000 21.61755 27.20626
40.89000 21.63441 27.21646
40.92000 21.65172 27.22589
40.95000 21.66944 27.23450
40.98000 21.68753 27.24229
41.01000 21.70596 27.24922
41.04000 21.72470 27.25527
41.07000 21.74369 27.26043
41.10000 21.76290 27.26468
41.13000 21.78226 27.26799
41.16000 21.80176 27.27037
41.19000 21.82133 27.27179
41.22000 21.84094 27.27226
41.25000 21.86052 27.27176
41.28000 21.88003 27.27029
41.31000 21.89942 27.26785
41.34000 21.91864 27.26446
41.37000 21.93765 27.26011
41.40000 21.95638 27.25480
41.43000 21.97482 27.24858
41.46000 21.99287 27.24143
41.49000 22.01052 27.23338
41.52000 22.02770 27.22446
41.55000 22.04438 27.21468
41.58000 22.06051 27.20407
41.61000 22.07603 27.19266
41.64000 22.09093 27.18049
41.67000 22.10514 27.16759
41.70000 22.11864 27.15401
41.73000 22.13140 27.13976
41.76000 22.14338 27.12491
41.79000 22.15456 27.10949
41.82000 22.16490 27.09355
41.85000 22.17439 27.07712
41.88000 22.18299 27.06027
41.91000 22.19071 27.04304
41.94000 22.19751 27.02547
41.97000 22.20339 27.00763
42.00000 22.20834 26.98955
42.03000 22.21236 26.97129
42.06000 22.21544 26.95289
42.09000 22.21759 26.93441
42.12000 22.21880 26.91590
42.15000 22.21910 26.89739
42.18000 22.21847 26.87893
42.21000 22.21695 26.86056
42.24000 22.21454 26.84234
42.27000 22.21125 26.82431
42.30000 22.20711 26.80649
42.33000 22.20214 26.78894
42.36000 22.19635 26.77168
42.39000 22.18977 26.75476
42.42000 22.18243 26.73820
42.45000 22.17436 26.72204
42.48000 22.16557 26.70629
42.51000 22.15610 26.69099
42.54000 22.14597 26.67615
42.57000 22.13522 26.66181
42.60000 22.12387 26.64797
42.63000 22.11195 26.63466
42.66000 22.09949 26.62190
42.69000 22.08652 26.60970
42.72000 22.07307 26.59807
42.75000 22.05916 26.58703
42.78000 22.04483 26.57657
42.81000 22.03010 26.56672
42.84000 22.01500 26.55748
42.87000 21.99955 26.54884
42.90000 21.98378 26.54084
42.93000 21.96771 26.53345
42.96000 21.95138 26.52669
42.99000 21.93480 26.52056
43.02000 21.91800 26.51507
43.05000 21.90101 26.51021
43.08000 21.88383 26.50598
43.11000 21.86649 26.50238
43.14000 21.84902 26.49943
43.17000 21.83145 26.49711
43.20000 21.81378 26.49543
43.23000 21.79605 26.49439
43.26000 21.77826 26.49398
43.29000 21.76043 26.49420
43.32000 21.74260 26.49506
43.35000 21.72478 26.49655
43.38000 21.70699 26.49868
43.41000 21.68924 26.50143
43.44000 21.67157 26.50482
43.47000 21.65399 26.50883
43.50000 21.63651 26.51347
43.53000 21.61917 26.51873
43.56000 21.60199 26.52462
43.59000 21.58497 26.53112
43.62000 21.56814 26.53823
43.65000 21.55153 26.54595
43.68000 21.53516 26.55429
43.71000 21.51905 26.56322
43.74000 21.50322 26.57274
43.77000 21.48770 26.58286
43.80000 21.47251 26.59355
43.83000 21.45767 26.60482
43.86000 21.44322 26.61665
43.89000 21.42917 26.62904
43.92000 21.41554 26.64197
43.95000 21.40236 26.65544
43.98000 21.38966 26.66941
44.01000 21.37746 26.68388
44.04000 21.36578 26.69884
44.07000 21.35465 26.71427
44.10000 21.34409 26.73015
44.13000 21.33412 26.74647
44.16000 21.32477 26.76318
44.19000 21.31607 26.78029
44.22000 21.30802 26.79776
44.25000 21.30065 26.81558
44.28000 21.29398 26.83369
44.31000 21.28804 26.85210
44.34000 21.28284 26.87075
44.37000 21.27840 26.88962
44.40000 21.27473 26.90870
44.43000 21.27185 26.92793
44.46000 21.26977 26.94729
44.49000 21.26850 26.96674
44.52000 21.26806 26.98624
44.55000 21.26845 27.00576
44.58000 21.26967 27.02526
44.61000 21.27175 27.04470
44.64000 21.27467 27.06404
44.67000 21.27844 27.08325
44.70000 21.28306 27.10227
44.73000 21.28852 27.12108
44.76000 21.29482 27.13962
44.79000 21.30196 27.15786
44.82000 21.30993 27.17574
44.85000 21.31870 27.19324
44.88000 21.32828 27.21031
44.91000 21.33863 27.22691
44.94000 21.34974 27.24301
44.97000 21.36160 27.25855
45.00000 21.37417 27.27351
45.03000 21.38743 27.28785
45.06000 21.40136 27.30152
45.09000 21.41592 27.31449
45.12000 21.43108 27.32672
45.15000 21.44681 27.33819
45.18000 21.46305 27.34887
45.21000 21.47979 27.35872
45.24000 21.49698 27.36773
45.27000 21.51457 27.37586
45.30000 21.53253 27.38310
45.33000 21.55081 27.38942
45.36000 21.56935 27.39481
45.39000 21.58811 27.39925
45.42000 21.60704 27.40273
45.45000 21.62609 27.40526
45.48000 21.64523 27.40681
45.51000 21.66438 27.40738
45.54000 21.68350 27.40699
45.57000 21.70254 27.40562
45.60000 21.72146 27.40330
45.63000 21.74021 27.40002
45.66000 21.75872 27.39580
45.69000 21.77696 27.39066
45.72000 21.79487 27.38460
45.75000 21.81243 27.37767
45.78000 21.82958 27.36987
45.81000 21.84628 27.36124
45.84000 21.86247 27.35178
45.87000 21.87816 27.34157
45.90000 21.89329 27.33060
45.93000 21.90781 27.31891
45.96000 21.92171 27.30655
45.99000 21.93495 27.29355
46.02000 21.94749 27.27994
46.05000 21.95934 27.26577
46.08000 21.97046 27.25107
46.11000 21.98083 27.23588
46.14000 21.99045 27.22025
46.17000 21.99929 27.20421
46.20000 22.00733 27.18781
46.23000 22.01459 27.17109
46.26000 22.02104 27.15407
46.29000 22.02668 27.13682
46.32000 22.03152 27.11936
46.35000 22.03555 27.10174
46.38000 22.03878 27.08397
46.41000 22.04119 27.06613
46.44000 22.04283 27.04820
46.47000 22.04367 27.03026
46.50000 22.04372 27.01234
46.53000 22.04301 26.99445
46.56000 22.04152 26.97666
46.59000 22.03930 26.95891
46.62000 22.03634 26.94131
46.65000 22.03266 26.92388
46.68000 22.02826 26.90663
46.71000 22.02317 26.88958
46.74000 22.01740 26.87276
46.77000 22.01096 26.85619
46.80000 22.00388 26.83989
46.83000 21.99616 26.82389
46.86000 21.98783 26.80821
46.89000 21.97889 26.79287
46.92000 21.96937 26.77787
46.95000 21.95931 26.76323
46.98000 21.94865 26.74900
47.01000 21.93748 26.73515
47.04000 21.92580 26.72171
47.07000 21.91361 26.70871
47.10000 21.90094 26.69614
47.13000 21.88779 26.68405
47.16000 21.87420 26.67243
47.19000 21.86017 26.66130
47.22000 21.84573 26.65066
47.25000 21.83088 26.64053
47.28000 21.81566 26.63093
47.31000 21.80007 26.62187
47.34000 21.78412 26.61336
47.37000 21.76784 26.60540
47.40000 21.75126 26.59803
47.43000 21.73439 26.59124
47.46000 21.71725 26.58505
47.49000 21.69986 26.57947
47.52000 21.68223 26.57451
47.55000 21.66438 26.57017
47.58000 21.64635 26.56648
47.61000 21.62816 26.56344
47.64000 21.60982 26.56106
47.67000 21.59136 26.55935
47.70000 21.57279 26.55830
47.73000 21.55416 26.55797
47.76000 21.53548 26.55829
47.79000 21.51678 26.55933
47.82000 21.49809 26.56107
47.85000 21.47943 26.56351
47.88000 21.46084 26.56667
47.91000 21.44233 26.57054
47.94000 21.42395 26.57513
47.97000 21.40572 26.58043
48.00000 21.38766 26.58645
48.03000 21.36983 26.59318
48.06000 21.35223 26.60061
48.09000 21.33492 26.60876
48.12000 21.31791 26.61760
48.15000 21.30124 26.62713
48.18000 21.28495 26.63734
48.21000 21.26905 26.64822
48.24000 21.25359 26.65975
48.27000 21.23861 26.67192
48.30000 21.22412 26.68473
48.33000 21.21016 26.69813
48.36000 21.19677 26.71214
48.39000 21.18397 26.72670
48.42000 21.17179 26.74181
48.45000 21.16026 26.75744
48.48000 21.14941 26.77356
48.51000 21.13927 26.79015
48.54000 21.12986 26.80718
48.57000 21.12121 26.82461
48.60000 21.11333 26.84242
48.63000 21.10626 26.86056
48.66000 21.10002 26.87900
48.69000 21.09462 26.89769
48.72000 21.09007 26.91663
48.75000 21.08640 26.93574
48.78000 21.08362 26.95500
48.81000 21.08173 26.97436
48.84000 21.08075 26.99377
48.87000 21.08069 27.01321
48.90000 21.08153 27.03262
48.93000 21.08330 27.05196
48.96000 21.08599 27.07117
48.99000 21.08960 27.09022
49.02000 21.09411 27.10907
49.05000 21.09952 27.12765
49.08000 21.10583 27.14593
49.11000 21.11301 27.16385
49.14000 21.12105 27.18140
49.17000 21.12994 27.19850
49.20000 21.13964 27.21512
49.23000 21.15014 27.23124
49.26000 21.16142 27.24678
49.29000 21.17343 27.26173
49.32000 21.18616 27.27605
49.35000 21.19956 27.28970
49.38000 21.21362 27.30264
49.41000 21.22827 27.31484
49.44000 21.24349 27.32627
49.47000 21.25924 27.33691
49.50000 21.27547 27.34674
49.53000 21.29215 27.35572
49.56000 21.30923 27.36385
49.59000 21.32666 27.37110
49.62000 21.34440 27.37746
49.65000 21.36240 27.38292
49.68000 21.38061 27.38747
49.71000 21.39898 27.39111
49.74000 21.41749 27.39383
49.77000 21.43607 27.39562
49.80000 21.45468 27.39651
49.83000 21.47326 27.39647
49.86000 21.49179 27.39554
49.89000 21.51021 27.39371
49.92000 21.52849 27.39100
49.95000 21.54658 27.38741
49.98000 21.56444 27.38298
50.01000 21.58203 27.37771
50.04000 21.59932 27.37163
50.07000 21.61628 27.36476
50.10000 21.63286 27.35712
50.13000 21.64905 27.34873
50.16000 21.66480 27.33962
50.19000 21.68009 27.32982
50.22000 21.69490 27.31936
50.25000 21.70921 27.30826
50.28000 21.72297 27.29655
50.31000 21.73618 27.28426
50.34000 21.74882 27.27141
50.37000 21.76087 27.25805
50.40000 21.77232 27.24420
50.43000 21.78315 27.22989
50.46000 21.79336 27.21514
50.49000 21.80292 27.20000
50.52000 21.81183 27.18448
50.55000 21.82008 27.16862
50.58000 21.82767 27.15244
50.61000 21.83459 27.13598
50.64000 21.84083 27.11926
50.67000 21.84640 27.10231
50.70000 21.85129 27.08515
50.73000 21.85549 27.06782
50.76000 21.85901 27.05031
50.79000 21.86185 27.03271
50.82000 21.86400 27.01500
50.85000 21.86547 26.99721
50.88000 21.86626 26.97936
50.91000 21.86637 26.96148
50.94000 21.86580 26.94360
50.97000 21.86456 26.92574
51.00000 21.86265 26.90793
51.03000 21.86007 26.89017
51.06000 21.85683 26.87250
51.09000 21.85294 26.85493
51.12000 21.84839 26.83749
51.15000 21.84318 26.82022
51.18000 21.83734 26.80312
51.21000 21.83086 26.78621
51.24000 21.82375 26.76952
51.27000 21.81603 26.75307
51.30000 21.80768 26.73688
51.33000 21.79873 26.72098
51.36000 21.78918 26.70540
51.39000 21.77904 26.69014
51.42000 21.76832 26.67524
51.45000 21.75704 26.66071
51.48000 21.74520 26.64658
51.51000 21.73282 26.63286
51.54000 21.71990 26.61958
51.57000 21.70647 26.60676
51.60000 21.69254 26.59443
51.63000 21.67812 26.58261
51.66000 21.66324 26.57132
51.69000 21.64788 26.56057
51.72000 21.63214 26.55041
51.75000 21.61596 26.54083
51.78000 21.59940 26.53186
51.81000 21.58245 26.52352
51.84000 21.56517 26.51583
51.87000 21.54756 26.50881
51.90000 21.52966 26.50247
51.93000 21.51150 26.49684
51.96000 21.49310 26.49193
51.99000 21.47448 26.48775
52.02000 21.45568 26.48431
52.05000 21.43673 26.48164
52.08000 21.41766 26.47974
52.11000 21.39851 26.47862
52.14000 21.37930 26.47829
52.17000 21.36007 26.47876
52.20000 21.34085 26.48004
52.23000 21.32170 26.48212
52.26000 21.30263 26.48502
52.29000 21.28368 26.48872
52.32000 21.26489 26.49324
52.35000 21.24631 26.49857
52.38000 21.22797 26.50470
52.41000 21.20991 26.51164
52.44000 21.19216 26.51936
52.47000 21.17477 26.52786
52.50000 21.15777 26.53713
52.53000 21.14119 26.54715
52.56000 21.12508 26.55791
52.59000 21.10948 26.56939
52.62000 21.09441 26.58156
52.65000 21.07992 26.59441
52.68000 21.06605 26.60790
52.71000 21.05282 26.62203
52.74000 21.04026 26.63675
52.77000 21.02841 26.65204
52.80000 21.01730 26.66785
52.83000 21.00695 26.68416
52.86000 20.99739 26.70093
52.89000 20.98866 26.71812
52.92000 20.98076 26.73570
52.95000 20.97371 26.75363
52.98000 20.96755 26.77185
53.01000 20.96228 26.79033
53.04000 20.95791 26.80903
53.07000 20.95446 26.82790
53.10000 20.95194 26.84690
53.13000 20.95032 26.86600
53.16000 20.94970 26.88508
53.19000 20.94999 26.90416
53.22000 20.95121 26.92320
53.25000 20.95336 26.94211
53.28000 20.95643 26.96089
53.31000 20.96043 26.97945
53.34000 20.96532 26.99777
53.37000 20.97111 27.01580
53.40000 20.97776 27.03350
53.43000 20.98527 27.05082
53.46000 20.99360 27.06772
53.49000 21.00274 27.08417
53.52000 21.01267 27.10011
53.55000 21.02334 27.11552
53.58000 21.03474 27.13036
53.61000 21.04683 27.14461
53.64000 21.05957 27.15823
53.67000 21.07293 27.17119
53.70000 21.08688 27.18348
53.73000 21.10138 27.19505
53.76000 21.11640 27.20590
53.79000 21.13188 27.21599
53.82000 21.14780 27.22532
53.85000 21.16411 27.23386
53.88000 21.18078 27.24162
53.91000 21.19776 27.24858
53.94000 21.21502 27.25472
53.97000 21.23252 27.26005
54.00000 21.25022 27.26456
54.03000 21.26807 27.26825
54.06000 21.28605 27.27111
54.09000 21.30410 27.27316
54.12000 21.32221 27.27440
54.15000 21.34033 27.27482
54.18000 21.35842 27.27444
54.21000 21.37646 27.27327
54.24000 21.39439 27.27131
54.27000 21.41222 27.26858
54.30000 21.42989 27.26509
54.33000 21.44738 27.26086
54.36000 21.46462 27.25587
54.39000 21.48169 27.25020
54.42000 21.49846 27.24381
54.45000 21.51494 27.23674
54.48000 21.53112 27.22900
54.51000 21.54696 27.22061
54.54000 21.56244 27.21159
54.57000 21.57754 27.20195
54.60000 21.59223 27.19171
54.63000 21.60651 27.18090
54.66000 21.62034 27.16953
54.69000 21.63373 27.15762
54.72000 21.64665 27.14520
54.75000 21.65908 27.13227
54.78000 21.67100 27.11887
54.81000 21.68242 27.10501
54.84000 21.69330 27.09071
54.87000 21.70363 27.07599
54.90000 21.71341 27.06088
54.93000 21.72261 27.04539
54.96000 21.73124 27.02955
54.99000 21.73927 27.01337
55.02000 21.74669 26.99689
55.05000 21.75351 26.98010
55.08000 21.75970 26.96305
55.11000 21.76524 26.94574
55.14000 21.77016 26.92823
55.17000 21.77443 26.91051
55.20000 21.77803 26.89261
55.23000 21.78096 26.87455
55.26000 21.78322 26.85635
55.29000 21.78480 26.83806
55.32000 21.78570 26.81969
55.35000 21.78589 26.80126
55.38000 21.78540 26.78280
55.41000 21.78421 26.76433
55.44000 21.78231 26.74589
55.47000 21.77971 26.72750
55.50000 21.77640 26.70919
55.53000 21.77239 26.69098
55.56000 21.76768 26.67290
55.59000 21.76225 26.65498
55.62000 21.75613 26.63726
55.65000 21.74931 26.61975
55.68000 21.74180 26.60249
55.71000 21.73360 26.58550
55.74000 21.72473 26.56883
55.77000 21.71519 26.55249
55.80000 21.70499 26.53651
55.83000 21.69413 26.52094
55.86000 21.68264 26.50580
55.89000 21.67054 26.49111
55.92000 21.65782 26.47692
55.95000 21.64453 26.46323
55.98000 21.63066 26.45008
56.01000 21.61625 26.43751
56.04000 21.60131 26.42553
56.07000 21.58586 26.41418
56.10000 21.56993 26.40347
56.13000 21.55356 26.39345
56.16000 21.53676 26.38412
56.19000 21.51957 26.37552
56.22000 21.50202 26.36766
56.25000 21.48412 26.36057
56.28000 21.46593 26.35425
56.31000 21.44746 26.34874
56.34000 21.42877 26.34405
56.37000 21.40989 26.34019
56.40000 21.39085 26.33717
56.43000 21.37169 26.33500
56.46000 21.35245 26.33370
56.49000 21.33317 26.33328
56.52000 21.31390 26.33373
56.55000 21.29468 26.33506
56.58000 21.27553 26.33727
56.61000 21.25652 26.34037
56.64000 21.23767 26.34435
56.67000 21.21905 26.34917
56.70000 21.20068 26.35488
56.73000 21.18260 26.36143
56.76000 21.16485 26.36882
56.79000 21.14750 26.37704
56.82000 21.13056 26.38607
56.85000 21.11409 26.39588
56.88000 21.09812 26.40647
56.91000 21.08270 26.41779
56.94000 21.06785 26.42983
56.97000 21.05360 26.44257
57.00000 21.04000 26.45595
57.03000 21.02708 26.46997
57.06000 21.01486 26.48458
57.09000 21.00338 26.49974
57.12000 20.99267 26.51543
57.15000 20.98275 26.53160
57.18000 20.97363 26.54821
57.21000 20.96535 26.56521
57.24000 20.95791 26.58258
57.27000 20.95133 26.60026
57.30000 20.94562 26.61823
57.33000 20.94082 26.63642
57.36000 20.93690 26.65479
57.39000 20.93388 26.67330
57.42000 20.93176 26.69191
57.45000 20.93055 26.71057
57.48000 20.93024 26.72924
57.51000 20.93082 26.74788
57.54000 20.93230 26.76643
57.57000 20.93467 26.78485
57.60000 20.93790 26.80312
57.63000 20.94199 26.82118
57.66000 20.94690 26.83903
57.69000 20.95267 26.85655
57.72000 20.95924 26.87377
57.75000 20.96660 26.89064
57.78000 20.97471 26.90713
57.81000 20.98357 26.92320
57.84000 20.99314 26.93883
57.87000 21.00341 26.95396
57.90000 21.01434 26.96860
57.93000 21.02590 26.98270
57.96000 21.03808 26.99625
57.99000 21.05083 27.00922
58.02000 21.06412 27.02160
58.05000 21.07794 27.03336
58.08000 21.09224 27.04449
58.11000 21.10699 27.05498
58.14000 21.12218 27.06480
58.17000 21.13776 27.07395
58.20000 21.15371 27.08242
58.23000 21.16998 27.09019
58.26000 21.18656 27.09727
58.29000 21.20341 27.10364
58.32000 21.22050 27.10929
58.35000 21.23780 27.11423
58.38000 21.25529 27.11845
58.41000 21.27292 27.12195
58.44000 21.29067 27.12473
58.47000 21.30853 27.12678
58.50000 21.32646 27.12812
58.53000 21.34443 27.12874
58.56000 21.36240 27.12864
58.59000 21.38037 27.12783
58.62000 21.39829 27.12631
58.65000 21.41616 27.12410
58.68000 21.43393 27.12118
58.71000 21.45159 27.11757
58.74000 21.46911 27.11328
58.77000 21.48647 27.10831
58.80000 21.50363 27.10266
58.83000 21.52058 27.09636
58.86000 21.53730 27.08941
58.89000 21.55375 27.08181
58.92000 21.56992 27.07358
58.95000 21.58579 27.06473
58.98000 21.60133 27.05526
59.01000 21.61653 27.04520
59.04000 21.63135 27.03456
59.07000 21.64578 27.02334
59.10000 21.65980 27.01156
59.13000 21.67338 26.99924
59.16000 21.68650 26.98638
59.19000 21.69915 26.97301
59.22000 21.71129 26.95915
59.25000 21.72291 26.94481
59.28000 21.73400 26.93001
59.31000 21.74453 26.91478
59.34000 21.75448 26.89911
59.37000 21.76384 26.88305
59.40000 21.77258 26.86660
59.43000 21.78069 26.84980
59.46000 21.78816 26.83267
59.49000 21.79496 26.81523
59.52000 21.80108 26.79751
59.55000 21.80650 26.77954
59.58000 21.81122 26.76133
59.61000 21.81521 26.74292
59.64000 21.81847 26.72435
59.67000 21.82099 26.70563
59.70000 21.82276 26.68680
59.73000 21.82376 26.66788
59.76000 21.82400 26.64891
59.79000 21.82345 26.62993
59.82000 21.82213 26.61096
59.85000 21.82002 26.59204
59.88000 21.81713 26.57320
59.91000 21.81345 26.55449
59.94000 21.80899 26.53592
59.97000 21.80374 26.51755
60.00000 21.79771 26.49939
60.03000 21.79091 26.48151
60.06000 21.78335 26.46392
60.09000 21.77503 26.44666
60.12000 21.76597 26.42977
60.15000 21.75618 26.41328
60.18000 21.74567 26.39722
60.21000 21.73447 26.38164
60.24000 21.72259 26.36656
60.27000 21.71005 26.35202
60.30000 21.69687 26.33805
60.33000 21.68307 26.32469
60.36000 21.66869 26.31196
60.39000 21.65375 26.29990
60.42000 21.63828 26.28853
60.45000 21.62232 26.27788
60.48000 21.60589 26.26797
60.51000 21.58902 26.25883
60.54000 21.57175 26.25048
60.57000 21.55413 26.24295
60.60000 21.53618 26.23625
60.63000 21.51795 26.23039
60.66000 21.49947 26.22540
60.69000 21.48079 26.22128
60.72000 21.46195 26.21805
60.75000 21.44300 26.21572
60.78000 21.42396 26.21429
60.81000 21.40491 26.21377
60.84000 21.38586 26.21416
60.87000 21.36688 26.21544
60.90000 21.34799 26.21764
60.93000 21.32925 26.22073
60.96000 21.31071 26.22472
60.99000 21.29239 26.22958
61.02000 21.27435 26.23532
61.05000 21.25662 26.24190
61.08000 21.23925 26.24932
61.11000 21.22228 26.25756
61.14000 21.20575 26.26659
61.17000 21.18968 26.27639
61.20000 21.17413 26.28693
61.23000 21.15912 26.29820
61.26000 21.14469 26.31016
61.29000 21.13088 26.32278
61.32000 21.11769 26.33603
61.35000 21.10518 26.34987
61.38000 21.09335 26.36426
61.41000 21.08223 26.37918
61.44000 21.07185 26.39459
61.47000 21.06222 26.41045
61.50000 21.05337 26.42673
61.53000 21.04529 26.44338
61.56000 21.03806 26.46036
61.59000 21.03156 26.47763
61.62000 21.02592 26.49516
61.65000 21.02109 26.51292
61.68000 21.01709 26.53085
61.71000 21.01393 26.54892
61.74000 21.01159 26.56709
61.77000 21.01009 26.58533
61.80000 21.00941 26.60358
61.83000 21.00955 26.62184
61.86000 21.01051 26.64004
61.89000 21.01227 26.65817
61.92000 21.01483 26.67617
61.95000 21.01818 26.69402
61.98000 21.02230 26.71170
62.01000 21.02717 26.72916
62.04000 21.03280 26.74638
62.07000 21.03915 26.76334
62.10000 21.04622 26.77996
62.13000 21.05398 26.79631
62.16000 21.06242 26.81229
62.19000 21.07151 26.82789
62.22000 21.08125 26.84310
62.25000 21.09160 26.85788
62.28000 21.10256 26.87222
62.31000 21.11409 26.88609
62.34000 21.12618 26.89947
62.37000 21.13880 26.91235
62.40000 21.15193 26.92471
62.43000 21.16555 26.93654
62.46000 21.17963 26.94781
62.49000 21.19416 26.95852
62.52000 21.20911 26.96865
62.55000 21.22445 26.97818
62.58000 21.24018 26.98710
62.61000 21.25625 26.99541
62.64000 21.27263 27.00309
62.67000 21.28932 27.01012
62.70000 21.30628 27.01650
62.73000 21.32350 27.02223
62.76000 21.34095 27.02728
62.79000 21.35860 27.03167
62.82000 21.37642 27.03537
62.85000 21.39438 27.03838
62.88000 21.41249 27.04070
62.91000 21.43069 27.04233
62.94000 21.44896 27.04325
62.97000 21.46728 27.04347
63.00000 21.48562 27.04298
63.03000 21.50395 27.04178
63.06000 21.52226 27.03988
63.09000 21.54050 27.03726
63.12000 21.55866 27.03393
63.15000 21.57670 27.02989
63.18000 21.59459 27.02515
63.21000 21.61233 27.01971
63.24000 21.62985 27.01357
63.27000 21.64716 27.00674
63.30000 21.66421 26.99923
63.33000 21.68097 26.99103
63.36000 21.69741 26.98217
63.39000 21.71352 26.97265
63.42000 21.72926 26.96248
63.45000 21.74460 26.95168
63.48000 21.75953 26.94026
63.51000 21.77400 26.92822
63.54000 21.78799 26.91560
63.57000 21.80149 26.90241
63.60000 21.81443 26.88866
63.63000 21.82683 26.87437
63.66000 21.83864 26.85958
63.69000 21.84984 26.84429
63.72000 21.86041 26.82854
63.75000 21.87033 26.81235
63.78000 21.87958 26.79573
63.81000 21.88812 26.77872
63.84000 21.89595 26.76136
63.87000 21.90304 26.74367
63.90000 21.90937 26.72569
63.93000 21.91492 26.70744
63.96000 21.91970 26.68896
63.99000 21.92367 26.67028
64.02000 21.92683 26.65143
64.05000 21.92917 26.63246
64.08000 21.93067 26.61340
64.11000 21.93133 26.59429
64.14000 21.93115 26.57516
64.17000 21.93012 26.55605
64.20000 21.92824 26.53701
64.23000 21.92551 26.51807
64.26000 21.92193 26.49928
64.29000 21.91751 26.48066
64.32000 21.91225 26.46227
64.35000 21.90616 26.44413
64.38000 21.89925 26.42630
64.41000 21.89153 26.40882
64.44000 21.88302 26.39171
64.47000 21.87373 26.37503
64.50000 21.86369 26.35880
64.53000 21.85290 26.34306
64.56000 21.84141 26.32785
64.59000 21.82922 26.31320
64.62000 21.81637 26.29914
64.65000 21.80288 26.28570
64.68000 21.78879 26.27294
64.71000 21.77411 26.26086
64.74000 21.75891 26.24950
64.77000 21.74319 26.23888
64.80000 21.72701 26.22902
64.83000 21.71039 26.21995
64.86000 21.69337 26.21168
64.89000 21.67599 26.20424
64.92000 21.65830 26.19765
64.95000 21.64034 26.19191
64.98000 21.62216 26.18704
65.01000 21.60378 26.18304
65.04000 21.58525 26.17992
65.07000 21.56661 26.17769
65.10000 21.54791 26.17635
65.13000 21.52920 26.17590
65.16000 21.51050 26.17633
65.19000 21.49187 26.17765
65.22000 21.47335 26.17985
65.25000 21.45497 26.18291
65.28000 21.43678 26.18682
65.31000 21.41882 26.19158
65.34000 21.40112 26.19717
65.37000 21.38373 26.20358
65.40000 21.36669 26.21077
65.43000 21.35001 26.21874
65.46000 21.33375 26.22747
65.49000 21.31792 26.23692
65.52000 21.30256 26.24708
65.55000 21.28770 26.25791
65.58000 21.27336 26.26940
65.61000 21.25958 26.28151
65.64000 21.24637 26.29421
65.67000 21.23377 26.30749
65.70000 21.22179 26.32130
65.73000 21.21045 26.33562
65.76000 21.19976 26.35041
65.79000 21.18975 26.36564
65.82000 21.18042 26.38128
65.85000 21.17180 26.39729
65.88000 21.16389 26.41367
65.91000 21.15669 26.43035
65.94000 21.15023 26.44731
65.97000 21.14450 26.46452
66.00000 21.13953 26.48195
66.03000 21.13529 26.49956
66.06000 21.13180 26.51734
66.09000 21.12906 26.53524
66.12000 21.12707 26.55323
66.15000 21.12583 26.57128
66.18000 21.12534 26.58936
66.21000 21.12559 26.60744
66.24000 21.12659 26.62550
66.27000 21.12831 26.64351
66.30000 21.13077 26.66143
66.33000 21.13396 26.67924
66.36000 21.13786 26.69691
66.39000 21.14247 26.71442
66.42000 21.14777 26.73173
66.45000 21.15377 26.74883
66.48000 21.16044 26.76569
66.51000 21.16778 26.78229
66.54000 21.17578 26.79858
66.57000 21.18442 26.81457
66.60000 21.19368 26.83022
66.63000 21.20357 26.84550
66.66000 21.21406 26.86039
66.69000 21.22513 26.87488
66.72000 21.23678 26.88894
66.75000 21.24898 26.90254
66.78000 21.26171 26.91567
66.81000 21.27495 26.92832
66.84000 21.28871 26.94045
66.87000 21.30294 26.95205
66.90000 21.31763 26.96310
66.93000 21.33277 26.97358
66.96000 21.34833 26.98347
66.99000 21.36428 26.99276
67.02000 21.38060 27.00143
67.05000 21.39727 27.00946
67.08000 21.41427 27.01683
67.11000 21.43158 27.02354
67.14000 21.44915 27.02958
67.17000 21.46698 27.03491
67.20000 21.48502 27.03954
67.23000 21.50326 27.04345
67.26000 21.52168 27.04664
67.29000 21.54023 27.04910
67.32000 21.55888 27.05080
67.35000 21.57761 27.05175
67.38000 21.59638 27.05194
67.41000 21.61518 27.05138
67.44000 21.63395 27.05005
67.47000 21.65269 27.04795
67.50000 21.67132 27.04507
67.53000 21.68985 27.04143
67.56000 21.70823 27.03702
67.59000 21.72644 27.03185
67.62000 21.74442 27.02592
67.65000 21.76216 27.01923
67.68000 21.77962 27.01180
67.71000 21.79676 27.00363
67.74000 21.81354 26.99474
67.77000 21.82994 26.98513
67.80000 21.84592 26.97482
67.83000 21.86145 26.96383
67.86000 21.87651 26.95218
67.89000 21.89105 26.93987
67.92000 21.90505 26.92695
67.95000 21.91848 26.91343
67.98000 21.93130 26.89932
68.01000 21.94349 26.88466
68.04000 21.95502 26.86946
68.07000 21.96587 26.85378
68.10000 21.97601 26.83762
68.13000 21.98542 26.82102
68.16000 21.99407 26.80403
68.19000 22.00195 26.78666
68.22000 22.00903 26.76895
68.25000 22.01530 26.75095
68.28000 22.02073 26.73269
68.31000 22.02533 26.71421
68.34000 22.02908 26.69554
68.37000 22.03196 26.67672
68.40000 22.03398 26.65780
68.43000 22.03511 26.63881
68.46000 22.03537 26.61981
68.49000 22.03474 26.60083
68.52000 22.03323 26.58190
68.55000 22.03084 26.56308
68.58000 22.02758 26.54440
68.61000 22.02345 26.52591
68.64000 22.01847 26.50765
68.67000 22.01264 26.48965
68.70000 22.00597 26.47196
68.73000 21.99849 26.45462
68.76000 21.99021 26.43768
68.79000 21.98114 26.42116
68.82000 21.97132 26.40510
68.85000 21.96076 26.38954
68.88000 21.94949 26.37451
68.91000 21.93754 26.36003
68.94000 21.92494 26.34615
68.97000 21.91171 26.33288
69.00000 21.89789 26.32027
69.03000 21.88350 26.30834
69.06000 21.86858 26.29711
69.09000 21.85318 26.28660
69.12000 21.83733 26.27684
69.15000 21.82105 26.26784
69.18000 21.80440 26.25961
69.21000 21.78739 26.25218
69.24000 21.77008 26.24555
69.27000 21.75250 26.23973
69.30000 21.73467 26.23473
69.33000 21.71670 26.23058
69.36000 21.69855 26.22725
69.39000 21.68028 26.22476
69.42000 21.66195 26.22310
69.45000 21.64358 26.22227
69.48000 21.62520 26.22228
69.51000 21.60688 26.22312
69.54000 21.58862 26.22477
69.57000 21.57048 26.22724
69.60000 21.55247 26.23050
69.63000 21.53465 26.23456
69.66000 21.51704 26.23940
69.69000 21.49968 26.24500
69.72000 21.48259 26.25136
69.75000 21.46580 26.25844
69.78000 21.44934 26.26623
69.81000 21.43324 26.27472
69.84000 21.41754 26.28390
69.87000 21.40225 26.29373
69.90000 21.38740 26.30419
69.93000 21.37302 26.31528
69.96000 21.35912 26.32695
69.99000 21.34572 26.33919
70.02000 21.33286 26.35198
70.05000 21.32053 26.36529
70.08000 21.30877 26.37910
70.11000 21.29758 26.39338
70.14000 21.28700 26.40811
70.17000 21.27703 26.42326
70.20000 21.26770 26.43879
70.23000 21.25896 26.45475
70.26000 21.25093 26.47099
70.29000 21.24353 26.48756
70.32000 21.23680 26.50443
70.35000 21.23075 26.52158
70.38000 21.22539 26.53896
70.41000 21.22072 26.55654
70.44000 21.21676 26.57431
70.47000 21.21351 26.59223
70.50000 21.21097 26.61029
70.53000 21.20914 26.62845
70.56000 21.20804 26.64668
70.59000 21.20765 26.66495
70.62000 21.20799 26.68325
70.65000 21.20906 26.70152
70.68000 21.21084 26.71977
70.71000 21.21335 26.73796
70.74000 21.21658 26.75604
70.77000 21.22052 26.77400
70.80000 21.22518 26.79181
70.83000 21.23054 26.80945
70.86000 21.23660 26.82689
70.89000 21.24336 26.84409
70.92000 21.25080 26.86102
70.95000 21.25892 26.87768
70.98000 21.26771 26.89402
71.01000 21.27715 26.91001
71.04000 21.28723 26.92564
71.07000 21.29794 26.94087
71.10000 21.30927 26.95566
71.13000 21.32121 26.97001
71.16000 21.33372 26.98388
71.19000 21.34681 26.99725
71.22000 21.36043 27.01010
71.25000 21.37458 27.02239
71.28000 21.38924 27.03411
71.31000 21.40438 27.04523
71.34000 21.41998 27.05572
71.37000 21.43602 27.06558
71.40000 21.45247 27.07477
71.43000 21.46930 27.08328
71.46000 21.48648 27.09109
71.49000 21.50399 27.09818
71.52000 21.52180 27.10454
71.55000 21.53988 27.11014
71.58000 21.55817 27.11497
71.61000 21.57667 27.11903
71.64000 21.59534 27.12230
71.67000 21.61414 27.12477
71.70000 21.63305 27.12642
71.73000 21.65201 27.12727
71.76000 21.67100 27.12729
71.79000 21.68998 27.12649
71.82000 21.70892 27.12486
71.85000 21.72777 27.12241
71.88000 21.74650 27.11913
71.91000 21.76507 27.11502
71.94000 21.78344 27.11010
71.97000 21.80158 27.10436
72.00000 21.81944 27.09783
72.03000 21.83699 27.09050
72.06000 21.85419 27.08240
72.09000 21.87100 27.07353
72.12000 21.88740 27.06391
72.15000 21.90334 27.05356
72.18000 21.91880 27.04250
72.21000 21.93373 27.03076
72.24000 21.94810 27.01835
72.27000 21.96189 27.00530
72.30000 21.97506 26.99164
72.33000 21.98757 26.97739
72.36000 21.99942 26.96258
72.39000 22.01056 26.94726
72.42000 22.02097 26.93146
72.45000 22.03063 26.91520
72.48000 22.03952 26.89851
72.51000 22.04762 26.88144
72.54000 22.05492 26.86402
72.57000 22.06138 26.84629
72.60000 22.06702 26.82831
72.63000 22.07181 26.81009
72.66000 22.07573 26.79169
72.69000 22.07879 26.77313
72.72000 22.08098 26.75447
72.75000 22.08229 26.73575
72.78000 22.08273 26.71700
72.81000 22.08228 26.69828
72.84000 22.08098 26.67961
72.87000 22.07880 26.66104
72.90000 22.07576 26.64261
72.93000 22.07187 26.62436
72.96000 22.06714 26.60634
72.99000 22.06159 26.58857
73.02000 22.05523 26.57109
73.05000 22.04807 26.55393
73.08000 22.04014 26.53716
73.11000 22.03146 26.52078
73.14000 22.02204 26.50483
73.17000 22.01191 26.48934
73.20000 22.00109 26.47434
73.23000 21.98961 26.45988
73.26000 21.97750 26.44597
73.29000 21.96478 26.43264
73.32000 21.95149 26.41990
73.35000 21.93764 26.40779
73.38000 21.92329 26.39632
73.41000 21.90845 26.38551
73.44000 21.89316 26.37539
73.47000 21.87744 26.36596
73.50000 21.86134 26.35724
73.53000 21.84487 26.34923
73.56000 21.82810 26.34200
73.59000 21.81103 26.33549
73.62000 21.79370 26.32973
73.65000 21.77615 26.32473
73.68000 21.75841 26.32050
73.71000 21.74052 26.31704
73.74000 21.72250 26.31434
73.77000 21.70440 26.31242
73.80000 21.68623 26.31127
73.83000 21.66804 26.31090
73.86000 21.64985 26.31128
73.89000 21.63170 26.31243
73.92000 21.61362 26.31435
73.95000 21.59564 26.31701
73.98000 21.57778 26.32041
74.01000 21.56008 26.32455
74.04000 21.54256 26.32943
74.07000 21.52526 26.33501
74.10000 21.50820 26.34130
74.13000 21.49141 26.34829
74.16000 21.47490 26.35595
74.19000 21.45871 26.36428
74.22000 21.44287 26.37326
74.25000 21.42739 26.38288
74.28000 21.41231 26.39313
74.31000 21.39765 26.40397
74.34000 21.38343 26.41541
74.37000 21.36967 26.42741
74.40000 21.35638 26.43997
74.43000 21.34361 26.45305
74.46000 21.33135 26.46665
74.49000 21.31964 26.48073
74.52000 21.30849 26.49529
74.55000 21.29791 26.51029
74.58000 21.28794 26.52572
74.61000 21.27859 26.54154
74.64000 21.26986 26.55774
74.67000 21.26177 26.57430
74.70000 21.25435 26.59117
74.73000 21.24759 26.60836
74.76000 21.24152 26.62582
74.79000 21.23616 26.64352
74.82000 21.23150 26.66145
74.85000 21.22755 26.67957
74.88000 21.22434 26.69784
74.91000 21.22186 26.71626
74.94000 21.22012 26.73478
74.97000 21.21913 26.75338
75.00000 21.21890 26.77202
75.03000 21.21942 26.79067
75.06000 21.22071 26.80931
75.09000 21.22275 26.82789
75.12000 21.22555 26.84640
75.15000 21.22912 26.86479
75.18000 21.23344 26.88304
75.21000 21.23852 26.90111
75.24000 21.24434 26.91897
75.27000 21.25091 26.93659
75.30000 21.25820 26.95396
75.33000 21.26623 26.97098
75.36000 21.27497 26.98768
75.39000 21.28441 27.00402
75.42000 21.29453 27.01996
75.45000 21.30533 27.03545
75.48000 21.31679 27.05048
75.51000 21.32888 27.06502
75.54000 21.34159 27.07903
75.57000 21.35489 27.09250
75.60000 21.36877 27.10538
75.63000 21.38319 27.11766
75.66000 21.39814 27.12931
75.69000 21.41358 27.14029
75.72000 21.42950 27.15059
75.75000 21.44586 27.16020
75.78000 21.46262 27.16907
75.81000 21.47976 27.17720
75.84000 21.49724 27.18456
75.87000 21.51504 27.19114
75.90000 21.53312 27.19692
75.93000 21.55143 27.20189
75.96000 21.56993 27.20603
75.99000 21.58860 27.20934
76.02000 21.60740 27.21180
76.05000 21.62629 27.21341
76.08000 21.64523 27.21417
76.11000 21.66418 27.21406
76.14000 21.68309 27.21309
76.17000 21.70193 27.21127
76.20000 21.72066 27.20859
76.23000 21.73925 27.20505
76.26000 21.75765 27.20067
76.29000 21.77581 27.19545
76.32000 21.79369 27.18941
76.35000 21.81127 27.18255
76.38000 21.82851 27.17489
76.41000 21.84537 27.16646
76.44000 21.86180 27.15725
76.47000 21.87776 27.14729
76.50000 21.89328 27.13664
76.53000 21.90826 27.12527
76.56000 21.92268 27.11324
76.59000 21.93652 27.10056
76.62000 21.94974 27.08727
76.65000 21.96231 27.07338
76.68000 21.97423 27.05894
76.71000 21.98545 27.04398
76.74000 21.99596 27.02852
76.77000 22.00574 27.01262
76.80000 22.01476 26.99631
76.83000 22.02301 26.97959
76.86000 22.03047 26.96254
76.89000 22.03714 26.94518
76.92000 22.04299 26.92755
76.95000 22.04803 26.90968
76.98000 22.05224 26.89162
77.01000 22.05562 26.87340
77.04000 22.05818 26.85503
77.07000 22.05985 26.83666
77.10000 22.06072 26.81819
77.13000 22.06075 26.79973
77.16000 22.05995 26.78130
77.19000 22.05832 26.76295
77.22000 22.05586 26.74471
77.25000 22.05260 26.72660
77.28000 22.04854 26.70867
77.31000 22.04368 26.69096
77.34000 22.03806 26.67349
77.37000 22.03167 26.65630
77.40000 22.02453 26.63942
77.43000 22.01667 26.62287
77.46000 22.00810 26.60670
77.49000 21.99884 26.59092
77.52000 21.98890 26.57558
77.55000 21.97832 26.56069
77.58000 21.96711 26.54628
77.61000 21.95530 26.53236
77.64000 21.94291 26.51897
77.67000 21.92996 26.50611
77.70000 21.91649 26.49383
77.73000 21.90251 26.48212
77.76000 21.88805 26.47103
77.79000 21.87314 26.46055
77.82000 21.85781 26.45071
77.85000 21.84208 26.44152
77.88000 21.82598 26.43298
77.91000 21.80954 26.42513
77.94000 21.79279 26.41795
77.97000 21.77575 26.41147
78.00000 21.75845 26.40570
78.03000 21.74093 26.40064
78.06000 21.72322 26.39631
78.09000 21.70534 26.39270
78.12000 21.68732 26.38982
78.15000 21.66918 26.38767
78.18000 21.65096 26.38626
78.21000 21.63270 26.38559
78.24000 21.61441 26.38566
78.27000 21.59613 26.38647
78.30000 21.57788 26.38801
78.33000 21.55969 26.39029
78.36000 21.54159 26.39331
78.39000 21.52363 26.39705
78.42000 21.50581 26.40152
78.45000 21.48818 26.40670
78.48000 21.47075 26.41260
78.51000 21.45356 26.41919
78.54000 21.43664 26.42648
78.57000 21.42000 26.43445
78.60000 21.40368 26.44310
78.63000 21.38771 26.45240
78.66000 21.37210 26.46235
78.69000 21.35690 26.47292
78.72000 21.34213 26.48411
78.75000 21.32780 26.49591
78.78000 21.31396 26.50829
78.81000 21.30061 26.52124
78.84000 21.28778 26.53473
78.87000 21.27552 26.54873
78.90000 21.26382 26.56325
78.93000 21.25272 26.57824
78.96000 21.24222 26.59369
78.99000 21.23236 26.60958
79.02000 21.22316 26.62587
79.05000 21.21462 26.64255
79.08000 21.20679 26.65958
79.11000 21.19965 26.67693
79.14000 21.19325 26.69456
79.17000 21.18758 26.71247
79.20000 21.18266 26.73062
79.23000 21.17851 26.74897
79.26000 21.17513 26.76749
79.29000 21.17254 26.78614
79.32000 21.17073 26.80490
79.35000 21.16972 26.82373
79.38000 21.16952 26.84260
79.41000 21.17013 26.86147
79.44000 21.17154 26.88030
79.47000 21.17377 26.89906
79.50000 21.17679 26.91772
79.53000 21.18063 26.93623
79.56000 21.18527 26.95457
79.59000 21.19071 26.97269
79.62000 21.19693 26.99056
79.65000 21.20394 27.00815
79.68000 21.21171 27.02540
79.71000 21.22023 27.04230
79.74000 21.22949 27.05880
79.77000 21.23948 27.07487
79.80000 21.25017 27.09049
79.83000 21.26155 27.10562
79.86000 21.27358 27.12022
79.89000 21.28625 27.13428
79.92000 21.29954 27.14774
79.95000 21.31343 27.16058
79.98000 21.32788 27.17278
80.01000 21.34286 27.18432
80.04000 21.35834 27.19516
80.07000 21.37428 27.20528
80.10000 21.39066 27.21466
80.13000 21.40745 27.22329
80.16000 21.42463 27.23114
80.19000 21.44209 27.23818
80.22000 21.45987 27.24442
80.25000 21.47791 27.24984
80.28000 21.49616 27.25442
80.31000 21.51460 27.25815
80.34000 21.53318 27.26104
80.37000 21.55186 27.26306
80.40000 21.57060 27.26423
80.43000 21.58935 27.26452
80.46000 21.60809 27.26396
80.49000 21.62677 27.26254
80.52000 21.64535 27.26026
80.55000 21.66377 27.25711
80.58000 21.68206 27.25316
80.61000 21.70010 27.24836
80.64000 21.71790 27.24274
80.67000 21.73540 27.23632
80.70000 21.75258 27.22911
80.73000 21.76940 27.22112
80.76000 21.78582 27.21238
80.79000 21.80182 27.20291
80.82000 21.81734 27.19273
80.85000 21.83237 27.18186
80.88000 21.84687 27.17033
80.91000 21.86084 27.15816
80.94000 21.87422 27.14538
80.97000 21.88701 27.13202
81.00000 21.89918 27.11812
81.03000 21.91069 27.10369
81.06000 21.92153 27.08877
81.09000 21.93169 27.07339
81.12000 21.94114 27.05759
81.15000 21.94988 27.04140
81.18000 21.95789 27.02485
81.21000 21.96515 27.00797
81.24000 21.97165 26.99079
81.27000 21.97740 26.97335
81.30000 21.98236 26.95569
81.33000 21.98655 26.93785
81.36000 21.98996 26.91985
81.39000 21.99258 26.90173
81.42000 21.99441 26.88351
81.45000 21.99545 26.86524
81.48000 21.99571 26.84695
81.51000 21.99519 26.82868
81.54000 21.99388 26.81046
81.57000 21.99180 26.79231
81.60000 21.98895 26.77427
81.63000 21.98534 26.75637
81.66000 21.98098 26.73864
81.69000 21.97588 26.72112
81.72000 21.97004 26.70382
81.75000 21.96349 26.68678
81.78000 21.95624 26.67003
81.81000 21.94829 26.65359
81.84000 21.93967 26.63750
81.87000 21.93039 26.62177
81.90000 21.92046 26.60643
81.93000 21.90991 26.59151
81.96000 21.89876 26.57703
81.99000 21.88700 26.56302
82.02000 21.87469 26.54951
82.05000 21.86182 26.53650
82.08000 21.84843 26.52401
82.11000 21.83453 26.51208
82.14000 21.82015 26.50071
82.17000 21.80532 26.48994
82.20000 21.79005 26.47977
82.23000 21.77436 26.47022
82.26000 21.75832 26.46135
82.29000 21.74187 26.45306
82.32000 21.72511 26.44547
82.35000 21.70805 26.43856
82.38000 21.69070 26.43234
82.41000 21.67310 26.42683
82.44000 21.65528 26.42203
82.47000 21.63726 26.41795
82.50000 21.61908 26.41461
82.53000 21.60077 26.41200
82.56000 21.58234 26.41014
82.59000 21.56384 26.40903
82.62000 21.54529 26.40868
82.65000 21.52673 26.40908
82.68000 21.50819 26.41024
82.71000 21.48970 26.41216
82.74000 21.47128 26.41484
82.77000 21.45297 26.41827
82.80000 21.43480 26.42246
82.83000 21.41681 26.42740
82.86000 21.39902 26.43308
82.89000 21.38147 26.43950
82.92000 21.36417 26.44663
82.95000 21.34719 26.45450
82.98000 21.33053 26.46307
83.01000 21.31424 26.47234
83.04000 21.29833 26.48228
83.07000 21.28284 26.49289
83.10000 21.26781 26.50414
83.13000 21.25326 26.51604
83.16000 21.23921 26.52854
83.19000 21.22570 26.54164
83.22000 21.21275 26.55531
83.25000 21.20039 26.56952
83.28000 21.18865 26.58425
83.31000 21.17754 26.59947
83.34000 21.16709 26.61518
83.37000 21.15733 26.63132
83.40000 21.14828 26.64788
83.43000 21.13997 26.66480
83.46000 21.13236 26.68209
83.49000 21.12553 26.69969
83.52000 21.11947 26.71758
83.55000 21.11420 26.73572
83.58000 21.10974 26.75408
83.61000 21.10609 26.77261
83.64000 21.10326 26.79129
83.67000 21.10126 26.81008
83.70000 21.10010 26.82893
83.73000 21.09978 26.84781
83.76000 21.10030 26.86669
83.79000 21.10167 26.88552
83.82000 21.10387 26.90427
83.85000 21.10692 26.92290
83.88000 21.11080 26.94136
83.91000 21.11551 26.95962
83.94000 21.12103 26.97765
83.97000 21.12736 26.99540
84.00000 21.13449 27.01284
84.03000 21.14239 27.02994
84.06000 21.15106 27.04665
84.09000 21.16047 27.06294
84.12000 21.17062 27.07879
84.15000 21.18147 27.09414
84.18000 21.19300 27.10898
84.21000 21.20518 27.12327
84.24000 21.21800 27.13698
84.27000 21.23143 27.15007
84.30000 21.24543 27.16254
84.33000 21.25998 27.17434
84.36000 21.27504 27.18546
84.39000 21.29058 27.19588
84.42000 21.30657 27.20556
84.45000 21.32298 27.21450
84.48000 21.33976 27.22267
84.51000 21.35688 27.23006
84.54000 21.37431 27.23665
84.57000 21.39201 27.24244
84.60000 21.40994 27.24742
84.63000 21.42807 27.25158
84.66000 21.44637 27.25492
84.69000 21.46473 27.25737
84.72000 21.48324 27.25904
84.75000 21.50175 27.25986
84.78000 21.52029 27.25983
84.81000 21.53878 27.25898
84.84000 21.55719 27.25728
84.87000 21.57551 27.25478
84.90000 21.59368 27.25145
84.93000 21.61167 27.24732
84.96000 21.62945 27.24240
84.99000 21.64698 27.23669
85.02000 21.66423 27.23022
85.05000 21.68116 27.22299
85.08000 21.69775 27.21502
85.11000 21.71396 27.20634
85.14000 21.72977 27.19697
85.17000 21.74513 27.18691
85.20000 21.76003 27.17620
85.23000 21.77445 27.16485
85.26000 21.78836 27.15289
85.29000 21.80173 27.14035
85.32000 21.81454 27.12725
85.35000 21.82678 27.11362
85.38000 21.83841 27.09948
85.41000 21.84942 27.08485
85.44000 21.85979 27.06977
85.47000 21.86951 27.05427
85.50000 21.87856 27.03837
85.53000 21.88693 27.02210
85.56000 21.89461 27.00550
85.59000 21.90158 26.98859
85.62000 21.90783 26.97141
85.65000 21.91336 26.95397
85.68000 21.91815 26.93633
85.71000 21.92220 26.91849
85.74000 21.92551 26.90051
85.77000 21.92807 26.88239
85.80000 21.92988 26.86418
85.83000 21.93093 26.84590
85.86000 21.93122 26.82759
85.89000 21.93077 26.80929
85.92000 21.92956 26.79100
85.95000 21.92760 26.77277
85.98000 21.92489 26.75463
86.01000 21.92143 26.73661
86.04000 21.91724 26.71874
86.07000 21.91232 26.70104
86.10000 21.90668 26.68355
86.13000 21.90033 26.66628
86.16000 21.89327 26.64930
86.19000 21.88552 26.63260
86.22000 21.87708 26.61622
86.25000 21.86798 26.60019
86.28000 21.85823 26.58453
86.31000 21.84784 26.56928
86.34000 21.83683 26.55444
86.37000 21.82521 26.54006
86.40000 21.81301 26.52614
86.43000 21.80023 26.51274
86.46000 21.78690 26.49985
86.49000 21.77305 26.48752
86.52000 21.75870 26.47576
86.55000 21.74386 26.46459
86.58000 21.72857 26.45403
86.61000 21.71284 26.44410
86.64000 21.69671 26.43481
86.67000 21.68018 26.42620
86.70000 21.66330 26.41827
86.73000 21.64610 26.41104
86.76000 21.62860 26.40453
86.79000 21.61083 26.39875
86.82000 21.59282 26.39371
86.85000 21.57461 26.38942
86.88000 21.55622 26.38590
86.91000 21.53769 26.38316
86.94000 21.51906 26.38119
86.97000 21.50035 26.38001
87.00000 21.48158 26.37962
87.03000 21.46281 26.38003
87.06000 21.44406 26.38124
87.09000 21.42537 26.38324
87.12000 21.40678 26.38604
87.15000 21.38832 26.38963
87.18000 21.37002 26.39401
87.21000 21.35191 26.39918
87.24000 21.33405 26.40513
87.27000 21.31646 26.41185
87.30000 21.29917 26.41932
87.33000 21.28221 26.42754
87.36000 21.26563 26.43649
87.39000 21.24944 26.44616
87.42000 21.23370 26.45653
87.45000 21.21842 26.46758
87.48000 21.20363 26.47928
87.51000 21.18938 26.49163
87.54000 21.17569 26.50460
87.57000 21.16260 26.51816
87.60000 21.15011 26.53229
87.63000 21.13827 26.54696
87.66000 21.12709 26.56213
87.69000 21.11659 26.57779
87.72000 21.10682 26.59390
87.75000 21.09777 26.61043
87.78000 21.08948 26.62734
87.81000 21.08196 26.64460
87.84000 21.07523 26.66217
87.87000 21.06930 26.68002
87.90000 21.06418 26.69811
87.93000 21.05988 26.71642
87.96000 21.05641 26.73488
87.99000 21.05379 26.75351
88.02000 21.05202 26.77219
88.05000 21.05109 26.79093
88.08000 21.05102 26.80969
88.11000 21.05179 26.82842
88.14000 21.05342 26.84709
88.17000 21.05588 26.86566
88.20000 21.05919 26.88408
88.23000 21.06333 26.90232
88.26000 21.06829 26.92035
88.29000 21.07406 26.93812
88.32000 21.08063 26.95560
88.35000 21.08798 26.97276
88.38000 21.09610 26.98955
88.41000 21.10496 27.00595
88.44000 21.11455 27.02190
88.47000 21.12485 27.03740
88.50000 21.13583 27.05240
88.53000 21.14747 27.06689
88.56000 21.15974 27.08083
88.59000 21.17262 27.09420
88.62000 21.18608 27.10696
88.65000 21.20009 27.11910
88.68000 21.21462 27.13058
88.71000 21.22964 27.14139
88.74000 21.24513 27.15154
88.77000 21.26102 27.16093
88.80000 21.27732 27.16963
88.83000 21.29398 27.17759
88.86000 21.31097 27.18480
88.89000 21.32825 27.19124
88.92000 21.34579 27.19691
88.95000 21.36354 27.20180
88.98000 21.38148 27.20590
89.01000 21.39957 27.20920
89.04000 21.41779 27.21171
89.07000 21.43610 27.21343
89.10000 21.45445 27.21434
89.13000 21.47281 27.21446
89.16000 21.49115 27.21377
89.19000 21.50944 27.21231
89.22000 21.52765 27.21005
89.25000 21.54574 27.20701
89.28000 21.56368 27.20321
89.31000 21.58143 27.19863
89.34000 21.59896 27.19331
89.37000 21.61624 27.18724
89.40000 21.63326 27.18045
89.43000 21.64997 27.17295
89.46000 21.66634 27.16474
89.49000 21.68236 27.15585
89.52000 21.69798 27.14630
89.55000 21.71320 27.13610
89.58000 21.72798 27.12527
89.61000 21.74229 27.11383
89.64000 21.75612 27.10181
89.67000 21.76943 27.08921
89.70000 21.78221 27.07607
89.73000 21.79444 27.06240
89.76000 21.80610 27.04824
89.79000 21.81716 27.03360
89.82000 21.82761 27.01852
89.85000 21.83743 27.00301
89.88000 21.84661 26.98710
89.91000 21.85513 26.97081
89.94000 21.86298 26.95418
89.97000 21.87011 26.93725
90.00000 21.87660 26.92001
90.03000 21.88235 26.90252
90.06000 21.88738 26.88479
90.09000 21.89168 26.86686
90.12000 21.89525 26.84875
90.15000 21.89807 26.83051
90.18000 21.90014 26.81216
90.21000 21.90145 26.79373
90.24000 21.90201 26.77524
90.27000 21.90180 26.75673
90.30000 21.90084 26.73824
90.33000 21.89911 26.71979
90.36000 21.89662 26.70142
90.39000 21.89337 26.68315
90.42000 21.88937 26.66502
90.45000 21.88463 26.64706
90.48000 21.87913 26.62930
90.51000 21.87291 26.61177
90.54000 21.86595 26.59450
90.57000 21.85828 26.57752
90.60000 21.84991 26.56087
90.63000 21.84084 26.54456
90.66000 21.83109 26.52864
90.69000 21.82068 26.51312
90.72000 21.80963 26.49805
90.75000 21.79794 26.48344
90.78000 21.78564 26.46935
90.81000 21.77275 26.45577
90.84000 21.75929 26.44274
90.87000 21.74529 26.43029
90.90000 21.73076 26.41843
90.93000 21.71574 26.40720
90.96000 21.70024 26.39660
90.99000 21.68430 26.38669
91.02000 21.66794 26.37746
91.05000 21.65120 26.36894
91.08000 21.63410 26.36114
91.11000 21.61668 26.35409
91.14000 21.59896 26.34779
91.17000 21.58098 26.34226
91.20000 21.56278 26.33751
91.23000 21.54438 26.33357
91.26000 21.52582 26.33042
91.29000 21.50715 26.32809
91.32000 21.48839 26.32658
91.35000 21.46957 26.32590
91.38000 21.45075 26.32603
91.41000 21.43195 26.32700
91.44000 21.41321 26.32880
91.47000 21.39458 26.33143
91.50000 21.37607 26.33487
91.53000 21.35774 26.33914
91.56000 21.33960 26.34422
91.59000 21.32174 26.35008
91.62000 21.30415 26.35675
91.65000 21.28688 26.36419
91.68000 21.26995 26.37239
91.71000 21.25341 26.38134
91.74000 21.23731 26.39102
91.77000 21.22165 26.40141
91.80000 21.20650 26.41249
91.83000 21.19185 26.42424
91.86000 21.17776 26.43661
91.89000 21.16424 26.44964
91.92000 21.15133 26.46323
91.95000 21.13906 26.47739
91.98000 21.12743 26.49208
92.01000 21.11649 26.50728
92.04000 21.10625 26.52295
92.07000 21.09674 26.53906
92.10000 21.08797 26.55556
92.13000 21.07996 26.57244
92.16000 21.07272 26.58965
92.19000 21.06628 26.60716
92.22000 21.06063 26.62494
92.25000 21.05579 26.64293
92.28000 21.05176 26.66116
92.31000 21.04859 26.67949
92.34000 21.04624 26.69793
92.37000 21.04472 26.71646
92.40000 21.04403 26.73504
92.43000 21.04418 26.75363
92.46000 21.04516 26.77215
92.49000 21.04697 26.79060
92.52000 21.04961 26.80895
92.55000 21.05306 26.82716
92.58000 21.05732 26.84518
92.61000 21.06237 26.86299
92.64000 21.06820 26.88054
92.67000 21.07481 26.89780
92.70000 21.08217 26.91475
92.73000 21.09027 26.93135
92.76000 21.09909 26.94756
92.79000 21.10862 26.96335
92.82000 21.11882 26.97870
92.85000 21.12969 26.99359
92.88000 21.14119 27.00797
92.91000 21.15330 27.02183
92.94000 21.16600 27.03515
92.97000 21.17926 27.04790
93.00000 21.19305 27.06005
93.03000 21.20736 27.07159
93.06000 21.22215 27.08250
93.09000 21.23740 27.09276
93.12000 21.25306 27.10235
93.15000 21.26911 27.11125
93.18000 21.28553 27.11946
93.21000 21.30227 27.12695
93.24000 21.31933 27.13372
93.27000 21.33667 27.13977
93.30000 21.35424 27.14507
93.33000 21.37199 27.14961
93.36000 21.38993 27.15340
93.39000 21.40802 27.15643
93.42000 21.42622 27.15870
93.45000 21.44451 27.16020
93.48000 21.46284 27.16093
93.51000 21.48119 27.16089
93.54000 21.49951 27.16009
93.57000 21.51781 27.15852
93.60000 21.53602 27.15619
93.63000 21.55411 27.15310
93.66000 21.57209 27.14928
93.69000 21.58987 27.14468
93.72000 21.60747 27.13936
93.75000 21.62484 27.13331
93.78000 21.64194 27.12655
93.81000 21.65877 27.11908
93.84000 21.67527 27.11092
93.87000 21.69143 27.10208
93.90000 21.70722 27.09258
93.93000 21.72260 27.08242
93.96000 21.73756 27.07164
93.99000 21.75208 27.06024
94.02000 21.76612 27.04824
94.05000 21.77966 27.03567
94.08000 21.79268 27.02254
94.11000 21.80515 27.00887
94.14000 21.81705 26.99471
94.17000 21.82836 26.98004
94.20000 21.83905 26.96493
94.23000 21.84913 26.94935
94.26000 21.85856 26.93337
94.29000 21.86732 26.91701
94.32000 21.87540 26.90028
94.35000 21.88279 26.88321
94.38000 21.88946 26.86584
94.41000 21.89541 26.84821
94.44000 21.90062 26.83033
94.47000 21.90508 26.81224
94.50000 21.90878 26.79398
94.53000 21.91171 26.77555
94.56000 21.91387 26.75701
94.59000 21.91525 26.73839
94.62000 21.91585 26.71972
94.65000 21.91565 26.70104
94.68000 21.91467 26.68236
94.71000 21.91290 26.66373
94.74000 21.91034 26.64518
94.77000 21.90699 26.62675
94.80000 21.90286 26.60848
94.83000 21.89795 26.59038
94.86000 21.89228 26.57252
94.89000 21.88583 26.55491
94.92000 21.87864 26.53758
94.95000 21.87070 26.52057
94.98000 21.86204 26.50392
95.01000 21.85267 26.48765
95.04000 21.84260 26.47180
95.07000 21.83185 26.45639
95.10000 21.82044 26.44146
95.13000 21.80839 26.42704
95.16000 21.79571 26.41315
95.19000 21.78244 26.39984
95.22000 21.76861 26.38712
95.25000 21.75422 26.37501
95.28000 21.73932 26.36355
95.31000 21.72394 26.35276
95.34000 21.70809 26.34265
95.37000 21.69181 26.33325
95.40000 21.67513 26.32459
95.43000 21.65808 26.31667
95.46000 21.64070 26.30951
95.49000 21.62303 26.30314
95.52000 21.60509 26.29756
95.55000 21.58693 26.29279
95.58000 21.56857 26.28883
95.61000 21.55007 26.28570
95.64000 21.53145 26.28340
95.67000 21.51275 26.28193
95.70000 21.49401 26.28131
95.73000 21.47526 26.28152
95.76000 21.45655 26.28258
95.79000 21.43791 26.28447
95.82000 21.41939 26.28720
95.85000 21.40101 26.29075
95.88000 21.38281 26.29513
95.91000 21.36484 26.30031
95.94000 21.34714 26.30630
95.97000 21.32973 26.31308
96.00000 21.31266 26.32063
96.03000 21.29594 26.32894
96.06000 21.27963 26.33798
96.09000 21.26374 26.34774
96.12000 21.24832 26.35820
96.15000 21.23339 26.36934
96.18000 21.21898 26.38113
96.21000 21.20512 26.39355
96.24000 21.19184 26.40657
96.27000 21.17918 26.42017
96.30000 21.16713 26.43431
96.33000 21.15574 26.44897
96.36000 21.14499 26.46412
96.39000 21.13499 26.47971
96.42000 21.12567 26.49573
96.45000 21.11708 26.51215
96.48000 21.10923 26.52892
96.51000 21.10213 26.54602
96.54000 21.09580 26.56339
96.57000 21.09026 26.58102
96.60000 21.08550 26.59887
96.63000 21.08153 26.61691
96.66000 21.07837 26.63510
96.69000 21.07600 26.65339
96.72000 21.07445 26.67177
96.75000 21.07369 26.69018
96.78000 21.07375 26.70861
96.81000 21.07460 26.72701
96.84000 21.07626 26.74535
96.87000 21.07870 26.76360
96.90000 21.08194 26.78171
96.93000 21.08596 26.79966
96.96000 21.09074 26.81743
96.99000 21.09629 26.83496
97.02000 21.10258 26.85223
97.05000 21.10961 26.86921
97.08000 21.11736 26.88587
97.11000 21.12581 26.90218
97.14000 21.13494 26.91811
97.17000 21.14475 26.93364
97.20000 21.15520 26.94874
97.23000 21.16629 26.96339
97.26000 21.17799 26.97755
97.29000 21.19027 26.99121
97.32000 21.20312 27.00434
97.35000 21.21652 27.01691
97.38000 21.23043 27.02891
97.41000 21.24483 27.04031
97.44000 21.25971 27.05110
97.47000 21.27502 27.06126
97.50000 21.29075 27.07078
97.53000 21.30687 27.07964
97.56000 21.32335 27.08781
97.59000 21.34017 27.09530
97.62000 21.35728 27.10208
97.65000 21.37466 27.10814
97.68000 21.39228 27.11347
97.71000 21.41012 27.11807
97.74000 21.42814 27.12193
97.77000 21.44632 27.12504
97.80000 21.46461 27.12739
97.83000 21.48300 27.12898
97.86000 21.50144 27.12980
97.89000 21.51991 27.12987
97.92000 21.53839 27.12917
97.95000 21.55682 27.12770
97.98000 21.57519 27.12546
98.01000 21.59345 27.12246
98.04000 21.61159 27.11871
98.07000 21.62957 27.11420
98.10000 21.64735 27.10895
98.13000 21.66492 27.10296
98.16000 21.68221 27.09624
98.19000 21.69922 27.08879
98.22000 21.71592 27.08065
98.25000 21.73228 27.07180
98.28000 21.74825 27.06228
98.31000 21.76383 27.05209
98.34000 21.77896 27.04126
98.37000 21.79366 27.02978
98.40000 21.80786 27.01770
98.43000 21.82154 27.00503
98.46000 21.83468 26.99178
98.49000 21.84726 26.97799
98.52000 21.85924 26.96366
98.55000 21.87062 26.94884
98.58000 21.88137 26.93354
98.61000 21.89146 26.91780
98.64000 21.90088 26.90163
98.67000 21.90959 26.88507
98.70000 21.91760 26.86814
98.73000 21.92488 26.85089
98.76000 21.93141 26.83333
98.79000 21.93719 26.81551
98.82000 21.94220 26.79745
98.85000 21.94643 26.77918
98.88000 21.94987 26.76074
98.91000 21.95251 26.74217
98.94000 21.95433 26.72350
98.97000 21.95535 26.70476
99.00000 21.95555 26.68600
99.03000 21.95494 26.66723
99.06000 21.95350 26.64852
99.09000 21.95128 26.62988
99.12000 21.94820 26.61136
99.15000 21.94433 26.59299
99.18000 21.93966 26.57480
99.21000 21.93419 26.55684
99.24000 21.92794 26.53914
99.27000 21.92091 26.52173
99.30000 21.91312 26.50465
99.33000 21.90459 26.48792
99.36000 21.89533 26.47161
99.39000 21.88535 26.45572
99.42000 21.87468 26.44030
99.45000 21.86333 26.42537
99.48000 21.85133 26.41095
99.51000 21.83871 26.39709
99.54000 21.82549 26.38381
99.57000 21.81170 26.37113
99.60000 21.79735 26.35909
99.63000 21.78248 26.34771
99.66000 21.76713 26.33701
99.69000 21.75131 26.32700
99.72000 21.73507 26.31772
99.75000 21.71844 26.30917
99.78000 21.70146 26.30139
99.81000 21.68413 26.29437
99.84000 21.66653 26.28814
99.87000 21.64867 26.28271
99.90000 21.63060 26.27809
99.93000 21.61235 26.27428
99.96000 21.59395 26.27130
99.99000 21.57545 26.26914
100.02000 21.55687 26.26781
100.05000 21.53827 26.26732
100.08000 21.51967 26.26765
100.11000 21.50111 26.26883
100.14000 21.48263 26.27082
100.17000 21.46426 26.27363
100.20000 21.44605 26.27726
100.23000 21.42803 26.28170
100.26000 21.41023 26.28693
100.29000 21.39269 26.29294
100.32000 21.37544 26.29972
100.35000 21.35853 26.30726
100.38000 21.34197 26.31553
100.41000 21.32580 26.32453
100.44000 21.31005 26.33423
100.47000 21.29475 26.34460
100.50000 21.27991 26.35564
100.53000 21.26560 26.36731
100.56000 21.25182 26.37959
100.59000 21.23858 26.39245
100.62000 21.22593 26.40588
100.65000 21.21388 26.41986
100.68000 21.20246 26.43433
100.71000 21.19168 26.44928
100.74000 21.18156 26.46468
100.77000 21.17213 26.48049
100.80000 21.16339 26.49669
100.83000 21.15535 26.51327
100.86000 21.14804 26.53016
100.89000 21.14148 26.54735
100.92000 21.13565 26.56480
100.95000 21.13058 26.58248
100.98000 21.12627 26.60036
101.01000 21.12272 26.61841
101.04000 21.11995 26.63660
101.07000 21.11796 26.65488
101.10000 21.11675 26.67323
101.13000 21.11632 26.69161
101.16000 21.11667 26.70999
101.19000 21.11779 26.72835
101.22000 21.11969 26.74665
101.25000 21.12236 26.76483
101.28000 21.12580 26.78290
101.31000 21.12999 26.80080
101.34000 21.13493 26.81853
101.37000 21.14062 26.83603
101.40000 21.14703 26.85330
101.43000 21.15414 26.87025
101.46000 21.16200 26.88692
101.49000 21.17053 26.90325
101.52000 21.17973 26.91921
101.55000 21.18960 26.93478
101.58000 21.20011 26.94993
101.61000 21.21126 26.96463
101.64000 21.22301 26.97886
101.67000 21.23534 26.99259
101.70000 21.24825 27.00580
101.73000 21.26169 27.01846
101.76000 21.27566 27.03056
101.79000 21.29012 27.04208
101.82000 21.30506 27.05299
101.85000 21.32045 27.06327
101.88000 21.33627 27.07290
101.91000 21.35248 27.08187
101.94000 21.36905 27.09016
101.97000 21.38596 27.09776
102.00000 21.40318 27.10464
102.03000 21.42070 27.11081
102.06000 21.43845 27.11624
102.09000 21.45643 27.12092
102.12000 21.47459 27.12485
102.15000 21.49291 27.12801
102.18000 21.51136 27.13040
102.21000 21.52990 27.13202
102.24000 21.54851 27.13286
102.27000 21.56714 27.13291
102.30000 21.58576 27.13218
102.33000 21.60434 27.13066
102.36000 21.62286 27.12836
102.39000 21.64126 27.12527
102.42000 21.65953 27.12140
102.45000 21.67763 27.11676
102.48000 21.69551 27.11136
102.51000 21.71317 27.10519
102.54000 21.73054 27.09828
102.57000 21.74760 27.09063
102.60000 21.76433 27.08225
102.63000 21.78068 27.07316
102.66000 21.79664 27.06337
102.69000 21.81217 27.05290
102.72000 21.82724 27.04178
102.75000 21.84181 27.03001
102.78000 21.85587 27.01762
102.81000 21.86938 27.00463
102.84000 21.88232 26.99106
102.87000 21.89466 26.97695
102.90000 21.90637 26.96231
102.93000 21.91744 26.94717
102.96000 21.92783 26.93156
102.99000 21.93754 26.91552
103.02000 21.94653 26.89907
103.05000 21.95479 26.88223
103.08000 21.96231 26.86505
103.11000 21.96907 26.84756
103.14000 21.97504 26.8297