0.00000 49.66108 51.90000
0.12000 49.66939 51.84019
0.24000 49.67414 51.76236
0.36000 49.67881 51.69537
0.48000 49.68721 51.64584
0.48000 49.68721 51.64582
0.60000 49.70543 51.62384
0.72000 49.74783 51.65124
0.84000 49.81522 51.61999
0.96000 49.83832 51.39583
1.08000 49.83882 51.13717
1.20000 49.82108 50.85466
1.32000 49.61823 50.24104
1.44000 49.57312 49.97267
1.56000 49.53929 49.73692
1.68000 49.50247 49.49849
1.80000 49.46055 49.25991
1.92000 49.41110 49.02362
2.04000 49.34516 48.78773
2.16000 49.26531 48.56163
2.28000 49.17186 48.34922
2.40000 49.06496 48.15236
2.52000 48.94442 47.97320
2.64000 48.81140 47.81376
2.76000 48.66720 47.67426
2.88000 48.51261 47.55632
3.00000 48.35083 47.46176
3.12000 48.18315 47.39009
3.24000 48.01329 47.34176
3.36000 47.84292 47.31674
3.48000 47.67503 47.31487
3.60000 47.51252 47.33559
3.72000 47.35833 47.37816
3.84000 47.21528 47.44081
3.96000 47.08514 47.52150
4.08000 46.97054 47.61967
4.20000 46.87456 47.73120
4.32000 46.79762 47.85542
4.44000 46.74238 47.98717
4.56000 46.70935 48.12457
4.68000 46.69937 48.26397
4.80000 46.71271 48.40113
4.92000 46.74807 48.53311
5.04000 46.80513 48.65619
5.16000 46.88147 48.76612
5.28000 46.97503 48.86142
5.40000 47.08296 48.93805
5.52000 47.20275 48.99503
5.64000 47.32979 49.03053
5.76000 47.46108 49.04325
5.88000 47.59261 49.03287
6.00000 47.72165 49.00042
6.12000 47.84466 48.94647
6.24000 47.95784 48.87246
6.36000 48.06061 48.77975
6.48000 48.14882 48.67085
6.60000 48.22218 48.54711
6.72000 48.27742 48.41259
6.84000 48.31414 48.26871
6.96000 48.33102 48.11882
7.08000 48.32733 47.96641
7.20000 48.30320 47.81459
7.32000 48.25927 47.66580
7.44000 48.19559 47.52308
7.56000 48.11370 47.38943
7.68000 48.01542 47.26759
7.80000 47.90156 47.15807
7.92000 47.77487 47.06512
8.04000 47.63653 46.98831
8.16000 47.49038 46.93013
8.28000 47.33786 46.89157
8.40000 47.18199 46.87328
8.52000 47.02549 46.87532
8.64000 46.87096 46.89768
8.76000 46.72146 46.94038
8.88000 46.58010 47.00291
9.00000 46.44921 47.08282
9.12000 46.33065 47.17979
9.24000 46.22781 47.29157
9.36000 46.14170 47.41587
9.48000 46.07500 47.54998
9.60000 46.02827 47.69196
9.72000 46.00307 47.83794
9.84000 45.99984 47.98452
9.96000 46.01806 48.12917
10.08000 46.05776 48.26844
10.20000 46.11820 48.39835
10.32000 46.19712 48.51680
10.44000 46.29335 48.62134
10.56000 46.40351 48.70802
10.68000 46.52607 48.77633
10.80000 46.65722 48.82419
10.92000 46.79330 48.84991
11.04000 46.93187 48.85373
11.16000 47.06901 48.83507
11.28000 47.20074 48.79424
11.40000 47.32484 48.73362
11.52000 47.43803 48.65341
11.64000 47.53679 48.55624
11.76000 47.62046 48.44376
11.88000 47.68570 48.31968
12.00000 47.73132 48.18588
12.12000 47.75676 48.04544
12.24000 47.76107 47.90168
12.36000 47.74385 47.75802
12.48000 47.70559 47.61772
12.60000 47.64739 47.48296
12.72000 47.56959 47.35675
12.84000 47.47474 47.24282
12.96000 47.36382 47.14164
13.08000 47.23982 47.05715
13.20000 47.10392 46.98935
13.32000 46.96044 46.94099
13.44000 46.81124 46.91269
13.56000 46.65891 46.90458
13.68000 46.50673 46.91737
13.80000 46.35796 46.95104
13.92000 46.21568 47.00488
14.04000 46.08153 47.07689
14.16000 45.95882 47.16703
14.28000 45.85052 47.27263
14.40000 45.75735 47.39240
14.52000 45.68245 47.52304
14.64000 45.62658 47.66321
14.76000 45.59127 47.80903
14.88000 45.57690 47.95764
15.00000 45.58404 48.10638
15.12000 45.61269 48.25177
15.24000 45.66196 48.39034
15.36000 45.73037 48.51999
15.48000 45.81749 48.63776
15.60000 45.91999 48.74008
15.72000 46.03703 48.82639
15.84000 46.16429 48.89317
15.96000 46.30036 48.93991
16.08000 46.44152 48.96518
16.20000 46.58406 48.96841
16.32000 46.72528 48.95005
16.44000 46.86160 48.91005
16.56000 46.98908 48.84922
16.68000 47.10613 48.76986
16.80000 47.20942 48.67294
16.92000 47.29625 48.56184
17.04000 47.36500 48.43803
17.16000 47.41458 48.30465
17.28000 47.44293 48.16562
17.40000 47.44973 48.02338
17.52000 47.43512 47.88093
17.64000 47.39881 47.74189
17.76000 47.34207 47.60984
17.88000 47.26654 47.48680
18.00000 47.17253 47.37553
18.12000 47.06374 47.27934
18.24000 46.94046 47.19893
18.36000 46.80751 47.13713
18.48000 46.66608 47.09471
18.60000 46.51926 47.07279
18.72000 46.37062 47.07210
18.84000 46.22320 47.09238
18.96000 46.07951 47.13312
19.08000 45.94283 47.19419
19.20000 45.81639 47.27378
19.32000 45.70195 47.37010
19.44000 45.60200 47.48227
19.56000 45.51904 47.60649
19.68000 45.45438 47.74156
19.80000 45.40917 47.88477
19.92000 45.38489 48.03215
20.04000 45.38189 48.18110
20.16000 45.39996 48.32907
20.28000 45.43887 48.47264
20.40000 45.49814 48.60826
20.52000 45.57586 48.73352
20.64000 45.67109 48.84678
20.76000 45.78104 48.94350
20.88000 45.90435 49.02411
21.00000 46.03703 49.08483
21.12000 46.17720 49.12518
21.24000 46.32177 49.14457
21.36000 46.46709 49.14211
21.48000 46.60958 49.11776
21.60000 46.74659 49.07273
21.72000 46.87529 49.00738
21.84000 46.99199 48.92341
21.96000 47.09466 48.82347
22.08000 47.18097 48.70862
22.20000 47.24907 48.58245
22.32000 47.29701 48.44763
22.44000 47.32418 48.30665
22.56000 47.32955 48.16327
22.68000 47.31321 48.02089
22.80000 47.27582 47.88209
22.92000 47.21753 47.75045
23.04000 47.14025 47.62936
23.16000 47.04576 47.52026
23.28000 46.93550 47.42670
23.40000 46.81250 47.34976
23.52000 46.67942 47.29190
23.64000 46.53846 47.25403
23.76000 46.39333 47.23730
23.88000 46.24687 47.24154
24.00000 46.10214 47.26698
24.12000 45.96263 47.31345
24.24000 45.83163 47.37973
24.36000 45.71026 47.46409
24.48000 45.60278 47.56557
24.60000 45.51044 47.68084
24.72000 45.43589 47.80880
24.84000 45.37958 47.94639
24.96000 45.34375 48.09028
25.08000 45.32906 48.23790
25.20000 45.33570 48.38593
25.32000 45.36322 48.53174
25.44000 45.41160 48.67206
25.56000 45.47958 48.80337
25.68000 45.56518 48.92335
25.80000 45.66781 49.03034
25.92000 45.78389 49.12027
26.04000 45.91261 49.19316
26.16000 46.04963 49.24639
26.28000 46.19264 49.27866
26.40000 46.33906 49.29002
26.52000 46.48532 49.27972
26.64000 46.62784 49.24776
26.76000 46.76355 49.19520
26.88000 46.89061 49.12365
27.00000 47.00476 49.03367
27.12000 47.10435 48.92854
27.24000 47.18698 48.80915
27.36000 47.25137 48.67935
27.48000 47.29517 48.54157
27.60000 47.31775 48.39885
27.72000 47.31917 48.25409
27.84000 47.29885 48.11079
27.96000 47.25706 47.97261
28.08000 47.19512 47.84258
28.20000 47.11468 47.72224
28.32000 47.01676 47.61622
28.44000 46.90448 47.52499
28.56000 46.77958 47.45216
28.68000 46.64451 47.39790
28.80000 46.50339 47.36418
28.92000 46.35864 47.35194
29.04000 46.21363 47.36132
29.16000 46.07102 47.39171
29.28000 45.93410 47.44279
29.40000 45.80671 47.51362
29.52000 45.69055 47.60214
29.64000 45.58791 47.70726
29.76000 45.50209 47.82560
29.88000 45.43408 47.95587
30.00000 45.38515 48.09505
30.12000 45.35718 48.23939
30.24000 45.35050 48.38636
30.36000 45.36485 48.53318
30.48000 45.40054 48.67642
30.60000 45.45655 48.81268
30.72000 45.53123 48.93921
30.84000 45.62399 49.05431
30.96000 45.73191 49.15390
31.08000 45.85364 49.23779
31.20000 45.98545 49.30234
31.32000 46.12581 49.34750
31.44000 46.27120 49.37179
31.56000 46.41803 49.37441
31.68000 46.56353 49.35585
31.80000 46.70493 49.31645
31.92000 46.83861 49.25649
32.04000 46.96138 49.17762
32.16000 47.07213 49.08195
32.28000 47.16661 48.97089
32.40000 47.24453 48.84728
32.52000 47.30281 48.71391
32.64000 47.34068 48.57319
32.76000 47.35746 48.42854
32.88000 47.35286 48.28297
33.00000 47.32659 48.13993
33.12000 47.27914 48.00306
33.24000 47.21227 47.87450
33.36000 47.12681 47.75676
33.48000 47.02519 47.65420
33.60000 46.90887 47.56656
33.72000 46.78153 47.49804
33.84000 46.64489 47.44875
33.96000 46.50209 47.42004
34.08000 46.35693 47.41298
34.20000 46.21260 47.42756
34.32000 46.07145 47.46289
34.44000 45.93698 47.51892
34.56000 45.81297 47.59457
34.68000 45.70041 47.68708
34.80000 45.60302 47.79601
34.92000 45.52215 47.91726
35.04000 45.46026 48.04960
35.16000 45.41816 48.18997
35.28000 45.39668 48.33511
35.40000 45.39672 48.48175
35.52000 45.41836 48.62662
35.64000 45.46066 48.76677
35.76000 45.52281 48.89978
35.88000 45.60429 49.02207
36.00000 45.70189 49.13106
36.12000 45.81520 49.22534
36.24000 45.94011 49.30172
36.36000 46.07555 49.35934
36.48000 46.21797 49.39665
36.60000 46.36388 49.41300
36.72000 46.51082 49.40796
36.84000 46.65528 49.38142
36.96000 46.79378 49.33403
37.08000 46.92416 49.26742
37.20000 47.04362 49.18188
37.32000 47.14847 49.08047
37.44000 47.23825 48.96421
37.56000 47.30926 48.83686
37.68000 47.36123 48.69984
37.80000 47.39244 48.55676
37.92000 47.40211 48.41120
38.04000 47.39061 48.26564
38.16000 47.35773 48.12337
38.28000 47.30402 47.98807
38.40000 47.23129 47.86240
38.52000 47.14045 47.74799
38.64000 47.03417 47.64943
38.76000 46.91391 47.56645
38.88000 46.78345 47.50300
39.00000 46.64461 47.45916
39.12000 46.50052 47.43617
39.24000 46.35494 47.43486
39.36000 46.21112 47.45518
39.48000 46.07141 47.49613
39.60000 45.93929 47.55759
39.72000 45.81826 47.63802
39.84000 45.70971 47.73493
39.96000 45.61692 47.84749
40.08000 45.54125 47.97204
40.20000 45.48491 48.10643
40.32000 45.44885 48.24810
40.44000 45.43409 48.39336
40.56000 45.44038 48.53950
40.68000 45.46808 48.68322
40.80000 45.51685 48.82095
40.92000 45.58509 48.94979
41.04000 45.67153 49.06837
41.16000 45.77441 49.17193
41.28000 45.89137 49.26052
41.40000 46.01981 49.33024
41.52000 46.15771 49.38106
41.64000 46.30145 49.41137
41.76000 46.44775 49.42015
41.88000 46.59352 49.40720
42.00000 46.73626 49.37362
42.12000 46.87269 49.31950
42.24000 46.99892 49.24566
42.36000 47.11349 49.15470
42.48000 47.21371 49.04740
42.60000 47.29687 48.92736
42.72000 47.36143 48.79593
42.84000 47.40672 48.65620
42.96000 47.43090 48.51185
43.08000 47.43341 48.36565
43.20000 47.41433 48.22087
43.32000 47.37458 48.08007
43.44000 47.31452 47.94671
43.56000 47.23543 47.82462
43.68000 47.13943 47.71446
43.80000 47.02803 47.62034
43.92000 46.90424 47.54285
44.04000 46.77057 47.48515
44.16000 46.62954 47.44744
44.28000 46.48431 47.43071
44.40000 46.33850 47.43567
44.52000 46.19545 47.46228
44.64000 46.05764 47.50927
44.76000 45.92808 47.57638
44.88000 45.81029 47.66197
45.00000 45.70609 47.76344
45.12000 45.61798 47.87982
45.24000 45.54773 48.00756
45.36000 45.49714 48.14415
45.48000 45.46707 48.28717
45.60000 45.45849 48.43294
45.72000 45.47140 48.57817
45.84000 45.50523 48.72033
45.96000 45.55991 48.85587
46.08000 45.63400 48.98135
46.20000 45.72519 49.09531
46.32000 45.83295 49.19442
46.44000 45.95321 49.27693
46.56000 46.08473 49.34074
46.68000 46.22458 49.38479
46.80000 46.36909 49.40799
46.92000 46.51554 49.40992
47.04000 46.66066 49.39019
47.16000 46.80087 49.34931
47.28000 46.93391 49.28888
47.40000 47.05690 49.20909
47.52000 47.16632 49.11242
47.64000 47.26109 49.00068
47.76000 47.33805 48.87652
47.88000 47.39652 48.74162
48.00000 47.43436 48.60052
48.12000 47.45143 48.45507
48.24000 47.44693 48.30858
48.36000 47.42071 48.16464
48.48000 47.37375 48.02642
48.60000 47.30750 47.89602
48.72000 47.22226 47.77711
48.84000 47.12117 47.67225
48.96000 47.00499 47.58284
49.08000 46.87785 47.51162
49.20000 46.74110 47.45994
49.32000 46.59827 47.42894
49.44000 46.45234 47.41890
49.56000 46.30663 47.43043
49.68000 46.16445 47.46344
49.80000 46.02914 47.51693
49.92000 45.90265 47.58975
50.04000 45.78820 47.68064
50.16000 45.68895 47.78672
50.28000 45.60568 47.90710
50.40000 45.54113 48.03773
50.52000 45.49676 48.17651
50.64000 45.47292 48.32076
50.76000 45.47062 48.46691
50.88000 45.49007 48.61139
51.00000 45.53024 48.75151
51.12000 45.59080 48.88452
51.24000 45.67041 49.00695
51.36000 45.76648 49.11608
51.48000 45.87852 49.21064
51.60000 46.00225 49.28717
51.72000 46.13644 49.34501
51.84000 46.27808 49.38273
51.96000 46.42335 49.39902
52.08000 46.56924 49.39395
52.20000 46.71318 49.36778
52.32000 46.85167 49.32064
52.44000 46.98098 49.25356
52.56000 47.09990 49.16839
52.68000 47.20491 49.06633
52.80000 47.29377 48.95069
52.92000 47.36463 48.82274
53.04000 47.41668 48.68549
53.16000 47.44776 48.54263
53.28000 47.45730 48.39684
53.40000 47.44574 48.25088
53.52000 47.41280 48.10813
53.64000 47.35915 47.97199
53.76000 47.28654 47.84570
53.88000 47.19584 47.73069
54.00000 47.08947 47.63078
54.12000 46.96941 47.54687
54.24000 46.83881 47.48205
54.36000 46.69943 47.43666
54.48000 46.55503 47.41230
54.60000 46.40911 47.40956
54.72000 46.26406 47.42784
54.84000 46.12318 47.46730
54.96000 45.99025 47.52734
55.08000 45.86764 47.60592
55.20000 45.75702 47.70189
55.32000 45.66285 47.81271
55.44000 45.58487 47.93683
55.56000 45.52637 48.07032
55.68000 45.48838 48.21118
55.80000 45.47113 48.35633
55.92000 45.47529 48.50257
56.04000 45.50109 48.64634
56.16000 45.54789 48.78419
56.28000 45.61424 48.91426
56.40000 45.69914 49.03336
56.52000 45.80027 49.13769
56.64000 45.91624 49.22734
56.76000 46.04338 49.29819
56.88000 46.18002 49.34973
57.00000 46.32314 49.38105
57.12000 46.46905 49.39088
57.24000 46.61441 49.37896
57.36000 46.75658 49.34616
57.48000 46.89275 49.29290
57.60000 47.01915 49.21971
57.72000 47.13340 49.12934
57.84000 47.23376 49.02261
57.96000 47.31687 48.90300
58.08000 47.38182 48.77165
58.20000 47.42710 48.63256
58.32000 47.45148 48.48833
58.44000 47.45432 48.34203
58.56000 47.43536 48.19727
58.68000 47.39572 48.05655
58.80000 47.33601 47.92280
58.92000 47.25698 47.80008
59.04000 47.16132 47.68989
59.16000 47.04987 47.59470
59.28000 46.92644 47.51694
59.40000 46.79258 47.45845
59.52000 46.65117 47.41964
59.64000 46.50569 47.40200
59.76000 46.35960 47.40612
59.88000 46.21599 47.43158
60.00000 46.07716 47.47747
60.12000 45.94666 47.54356
60.24000 45.82799 47.62815
60.36000 45.72211 47.72890
60.48000 45.63284 47.84443
60.60000 45.56079 47.97177
60.72000 45.50850 48.10801
60.84000 45.47683 48.25076
60.96000 45.46658 48.39640
61.08000 45.47739 48.54226
61.20000 45.50959 48.68492
61.32000 45.56279 48.82080
61.44000 45.63505 48.94728
61.56000 45.72513 49.06250
61.68000 45.83122 49.16229
61.80000 45.95092 49.24643
61.92000 46.08130 49.31149
62.04000 46.22027 49.35677
62.16000 46.36444 49.38137
62.28000 46.51066 49.38464
62.40000 46.65558 49.36628
62.52000 46.79577 49.32664
62.64000 46.92898 49.26730
62.76000 47.05229 49.18847
62.88000 47.16199 49.09281
63.00000 47.25731 48.98177
63.12000 47.33468 48.85835
63.24000 47.39372 48.72400
63.36000 47.43224 48.58322
63.48000 47.44973 48.43816
63.60000 47.44587 48.29182
63.72000 47.42033 48.14780
63.84000 47.37378 48.00955
63.96000 47.30811 47.87910
64.08000 47.22343 47.75971
64.20000 47.12260 47.65457
64.32000 47.00691 47.56457
64.44000 46.87994 47.49291
64.56000 46.74317 47.44049
64.68000 46.60030 47.40876
64.80000 46.45432 47.39796
64.92000 46.30838 47.40876
65.04000 46.16583 47.44098
65.16000 46.02992 47.49365
65.28000 45.90269 47.56563
65.40000 45.78742 47.65597
65.52000 45.68711 47.76139
65.64000 45.60272 47.88142
65.76000 45.53704 48.01160
65.88000 45.49118 48.15028
66.00000 45.46600 48.29456
66.12000 45.46240 48.44077
66.24000 45.48035 48.58557
66.36000 45.51901 48.72652
66.48000 45.57832 48.86020
66.60000 45.65664 48.98319
66.72000 45.75169 49.09381
66.84000 45.86268 49.18914
66.96000 45.98577 49.26730
67.08000 46.11918 49.32644
67.20000 46.26027 49.36547
67.32000 46.40524 49.38314
67.44000 46.55130 49.37970
67.56000 46.69539 49.35487
67.68000 46.83399 49.30893
67.80000 46.96376 49.24321
67.92000 47.08345 49.15907
68.04000 47.18881 49.05812
68.16000 47.27873 48.94317
68.28000 47.35026 48.81610
68.40000 47.40318 48.67924
68.52000 47.43524 48.53679
68.64000 47.44572 48.39127
68.76000 47.43499 48.24550
68.88000 47.40290 48.10273
69.00000 47.35015 47.96637
69.12000 47.27826 47.83987
69.24000 47.18826 47.72445
69.36000 47.08240 47.62402
69.48000 46.96292 47.53958
69.60000 46.83264 47.47414
69.72000 46.69345 47.42797
69.84000 46.54914 47.40284
69.96000 46.40325 47.39937
70.08000 46.25808 47.41688
70.20000 46.11690 47.45553
70.32000 45.98341 47.51478
70.44000 45.86035 47.59268
70.56000 45.74896 47.68802
70.68000 45.65401 47.79838
70.80000 45.57497 47.92201
70.92000 45.51556 48.05522
71.04000 45.47646 48.19593
71.16000 45.45796 48.34124
71.28000 45.46101 48.48763
71.40000 45.48571 48.63165
71.52000 45.53120 48.77011
71.64000 45.59655 48.90089
71.76000 45.68055 49.02075
71.88000 45.78064 49.12618
72.00000 45.89600 49.21684
72.12000 46.02250 49.28891
72.24000 46.15865 49.34179
72.36000 46.30151 49.37441
72.48000 46.44729 49.38552
72.60000 46.59269 49.37494
72.72000 46.73539 49.34359
72.84000 46.87198 49.29147
72.96000 46.99865 49.21940
73.08000 47.11399 49.13019
73.20000 47.21501 49.02429
73.32000 47.29921 48.90552
73.44000 47.36500 48.77501
73.56000 47.41138 48.63614
73.68000 47.43690 48.49225
73.80000 47.44079 48.34616
73.92000 47.42289 48.20144
74.04000 47.38436 48.06047
74.16000 47.32561 47.92647
74.28000 47.24746 47.80339
74.40000 47.15258 47.69257
74.52000 47.04179 47.59681
74.64000 46.91894 47.51828
74.76000 46.78551 47.45898
74.88000 46.64441 47.41939
75.00000 46.49908 47.40087
75.12000 46.35296 47.40408
75.24000 46.20925 47.42874
75.36000 46.07018 47.47378
75.48000 45.93922 47.53903
75.60000 45.81998 47.62300
75.72000 45.71351 47.72302
75.84000 45.62338 47.83815
75.96000 45.55052 47.96498
76.08000 45.49732 48.10095
76.20000 45.46466 48.24357
76.32000 45.45333 48.38928
76.44000 45.46312 48.53532
76.56000 45.49429 48.67831
76.68000 45.54647 48.81461
76.80000 45.61781 48.94175
76.92000 45.70707 49.05782
77.04000 45.81235 49.15841
77.16000 45.93148 49.24368
77.28000 46.06136 49.30979
77.40000 46.19995 49.35617
77.52000 46.34411 49.38218
77.64000 46.49034 49.38664
77.76000 46.63534 49.36943
77.88000 46.77596 49.33117
78.00000 46.90989 49.27293
78.12000 47.03369 49.19506
78.24000 47.14426 49.10054
78.36000 47.24053 48.99015
78.48000 47.31896 48.86755
78.60000 47.37896 48.73388
78.72000 47.41863 48.59327
78.84000 47.43740 48.44839
78.96000 47.43467 48.30214
79.08000 47.41020 48.15808
79.20000 47.36490 48.01953
79.32000 47.30020 47.88859
79.44000 47.21638 47.76875
79.56000 47.11647 47.66288
79.68000 47.00139 47.57215
79.80000 46.87505 47.49960
79.92000 46.73877 47.44630
80.04000 46.59616 47.41360
80.16000 46.45028 47.40186
80.28000 46.30433 47.41165
80.40000 46.16157 47.44289
80.52000 46.02535 47.49469
80.64000 45.89770 47.56580
80.76000 45.78177 47.65534
80.88000 45.68084 47.76011
81.00000 45.59556 47.87963
81.12000 45.52913 48.00936
81.24000 45.48231 48.14774
81.36000 45.45613 48.29189
81.48000 45.45155 48.43809
81.60000 45.46848 48.58307
81.72000 45.50615 48.72437
81.84000 45.56448 48.85852
81.96000 45.64199 48.98208
82.08000 45.73623 49.09351
82.20000 45.84656 49.18965
82.32000 45.96907 49.26883
82.44000 46.10211 49.32899
82.56000 46.24294 49.36908
82.68000 46.38783 49.38798
82.80000 46.53405 49.38573
82.92000 46.67833 49.36198
83.04000 46.81717 49.31708
83.16000 46.94767 49.25257
83.28000 47.06809 49.16926
83.40000 47.17411 49.06936
83.52000 47.26515 48.95494
83.64000 47.33769 48.82858
83.76000 47.39164 48.69217
83.88000 47.42484 48.54990
84.00000 47.43650 48.40454
84.12000 47.42704 48.25862
84.24000 47.39605 48.11561
84.36000 47.34437 47.97903
84.48000 47.27358 47.85189
84.60000 47.18442 47.73576
84.72000 47.07950 47.63469
84.84000 46.96055 47.54927
84.96000 46.83088 47.48289
85.08000 46.69215 47.43576
85.20000 46.54806 47.40956
85.32000 46.40220 47.40503
85.44000 46.25694 47.42147
85.56000 46.11552 47.45910
85.68000 45.98163 47.51737
85.80000 45.85806 47.59441
85.92000 45.74601 47.68892
86.04000 45.65030 47.79861
86.16000 45.57040 47.92168
86.28000 45.51010 48.05445
86.40000 45.47000 48.19490
86.52000 45.45047 48.34010
86.64000 45.45250 48.48651
86.76000 45.47618 48.63069
86.88000 45.52070 48.76952
87.00000 45.58507 48.90076
87.12000 45.66825 49.02121
87.24000 45.76756 49.12739
87.36000 45.88231 49.21889
87.48000 46.00827 49.29182
87.60000 46.14413 49.34582
87.72000 46.28677 49.37946
87.84000 46.43243 49.39159
87.96000 46.57799 49.38222
88.08000 46.72101 49.35192
88.20000 46.85798 49.30078
88.32000 46.98510 49.22982
88.44000 47.10133 49.14134
88.56000 47.20302 49.03619
88.68000 47.28831 48.91806
88.80000 47.35500 48.78817
88.92000 47.40256 48.64949
89.04000 47.42918 48.50582
89.16000 47.43419 48.35984
89.28000 47.41751 48.21491
89.40000 47.38013 48.07357
89.52000 47.32237 47.93917
89.64000 47.24531 47.81563
89.76000 47.15120 47.70388
89.88000 47.04127 47.60748
90.00000 46.91893 47.52784
90.12000 46.78606 47.46757
90.24000 46.64532 47.42692
90.36000 46.50013 47.40729
90.48000 46.35402 47.40937
90.60000 46.21012 47.43295
90.72000 46.07074 47.47694
90.84000 45.93932 47.54121
90.96000 45.81948 47.62428
91.08000 45.71230 47.72348
91.20000 45.62133 47.83796
91.32000 45.54757 47.96418
91.44000 45.49340 48.09976
91.56000 45.45970 48.24215
91.68000 45.44730 48.38776
91.80000 45.45604 48.53387
91.92000 45.48619 48.67707
92.04000 45.53738 48.81375
92.16000 45.60778 48.94135
92.28000 45.69618 49.05812
92.40000 45.80073 49.15942
92.52000 45.91922 49.24561
92.64000 46.04863 49.31263
92.76000 46.18693 49.36012
92.88000 46.33094 49.38718
93.00000 46.47711 49.39267
93.12000 46.62213 49.37645
93.24000 46.76315 49.33936
93.36000 46.89762 49.28208
93.48000 47.02182 49.20510
93.60000 47.13326 49.11145
93.72000 47.23029 49.00171
93.84000 47.30976 48.87973
93.96000 47.37066 48.74660
94.08000 47.41145 48.60616
94.20000 47.43141 48.46139
94.32000 47.42977 48.31513
94.44000 47.40632 48.17096
94.56000 47.36227 48.03199
94.68000 47.29852 47.90048
94.80000 47.21558 47.78014
94.92000 47.11657 47.67340
95.04000 47.00212 47.58184
95.16000 46.87637 47.50824
95.28000 46.74057 47.45393
95.40000 46.59824 47.42014
95.52000 46.45242 47.40725
95.64000 46.30639 47.41591
95.76000 46.16343 47.44606
95.88000 46.02681 47.49680
96.00000 45.89863 47.56694
96.12000 45.78205 47.65558
96.24000 45.68035 47.75957
96.36000 45.59417 47.87843
96.48000 45.52680 48.00761
96.60000 45.47894 48.14566
96.72000 45.45170 48.28961
96.84000 45.44604 48.43575
96.96000 45.46188 48.58084
97.08000 45.49852 48.72243
97.20000 45.55586 48.85698
97.32000 45.63244 48.98104
97.44000 45.72585 49.09320
97.56000 45.83548 49.19012
97.68000 45.95739 49.27023
97.80000 46.09001 49.33134
97.92000 46.23051 49.37243
98.04000 46.37534 49.39249
98.16000 46.52159 49.39130
98.28000 46.66600 49.36857
98.40000 46.80503 49.32464
98.52000 46.93623 49.26123
98.64000 47.05721 49.17873
98.76000 47.16394 49.07974
98.88000 47.25590 48.96585
99.00000 47.32942 48.84013
99.12000 47.38433 48.70415
99.24000 47.41858 48.56205
99.36000 47.43144 48.41673
99.48000 47.42309 48.27071
99.60000 47.39315 48.12749
99.72000 47.34249 47.99067
99.84000 47.27275 47.86281
99.96000 47.18440 47.74600
100.08000 47.08036 47.64418
100.20000 46.96197 47.55780
100.32000 46.83284 47.49041
100.44000 46.69452 47.44224
100.56000 46.55064 47.41493
100.68000 46.40478 47.40924
100.80000 46.25938 47.42456
100.92000 46.11768 47.46110
101.04000 45.98339 47.51836
101.16000 45.85921 47.59443
101.28000 45.74646 47.68808
101.40000 45.64994 47.79704
101.52000 45.56912 47.91947
101.64000 45.50784 48.05177
101.76000 45.46667 48.19191
101.88000 45.44606 48.33696
102.00000 45.44701 48.48336
102.12000 45.46962 48.62768
102.24000 45.51306 48.76687
102.36000 45.57642 48.89861
102.48000 45.65875 49.01960
102.60000 45.75723 49.12657
102.72000 45.87130 49.21887
102.84000 45.99670 49.29271
102.96000 46.13218 49.34775
103.08000 46.27457 49.38243
103.20000 46.42007 49.39559
103.32000 46.56580 49.38741
103.44000 46.70907 49.35815
103.56000 46.84635 49.30797
103.68000 46.97397 49.23811
103.80000 47.09097 49.15037
103.92000 47.19327 49.04609
104.04000 47.27959 48.92846
104.16000 47.34716 48.79919
104.28000 47.39581 48.66080
104.40000 47.42350 48.51729
104.52000 47.42956 48.37142
104.64000 47.41409 48.22628
104.76000 47.37777 48.08460
104.88000 47.32097 47.94983
105.00000 47.24495 47.82575
105.12000 47.15161 47.71315
105.24000 47.04252 47.61606
105.36000 46.92065 47.53537
105.48000 46.78832 47.47411
105.60000 46.64791 47.43238
105.72000 46.50285 47.41164
105.84000 46.35672 47.41260
105.96000 46.21263 47.43504
106.08000 46.07288 47.47797
106.20000 45.94100 47.54124
106.32000 45.82054 47.62337
106.44000 45.71260 47.72176
106.56000 45.62078 47.83553
106.68000 45.54606 47.96117
106.80000 45.49088 48.09632
106.92000 45.45613 48.23845
107.04000 45.44260 48.38398
107.16000 45.45023 48.53014
107.28000 45.47933 48.67354
107.40000 45.52949 48.81055
107.52000 45.59890 48.93866
107.64000 45.68645 49.05612
107.76000 45.79018 49.15817
107.88000 45.90807 49.24524
108.00000 46.03696 49.31316
108.12000 46.17493 49.36173
108.24000 46.31876 49.38984
108.36000 46.46484 49.39638
108.48000 46.60987 49.38116
108.60000 46.75133 49.34523
108.72000 46.88626 49.28891
108.84000 47.01085 49.21284
108.96000 47.12313 49.12004
109.08000 47.22090 49.01098
109.20000 47.30134 48.88961
109.32000 47.36313 48.75703
109.44000 47.40502 48.61676
109.56000 47.42608 48.47214
109.68000 47.42550 48.32590
109.80000 47.40309 48.18164
109.92000 47.36020 48.04222
110.04000 47.29738 47.91015
110.16000 47.21533 47.78934
110.28000 47.11717 47.68170
110.40000 47.00338 47.58936
110.52000 46.87820 47.51472
110.64000 46.74290 47.45944
110.76000 46.60084 47.42457
110.88000 46.45509 47.41055
111.00000 46.30899 47.41812
111.12000 46.16582 47.44719
111.24000 46.02881 47.49688
111.36000 45.90008 47.56606
111.48000 45.78287 47.65382
111.60000 45.68037 47.75702
111.72000 45.59332 47.87521
111.84000 45.52499 48.00389
111.96000 45.47608 48.14157
112.08000 45.44777 48.28532
112.20000 45.44104 48.43138
112.32000 45.45575 48.57661
112.44000 45.49132 48.71849
112.56000 45.54765 48.85344
112.68000 45.62328 48.97800
112.80000 45.71587 49.09094
112.92000 45.82474 49.18857
113.04000 45.94606 49.26965
113.16000 46.07822 49.33170
113.28000 46.21839 49.37379
113.40000 46.36314 49.39504
113.52000 46.50941 49.39491
113.64000 46.65392 49.37319
113.76000 46.79321 49.33034
113.88000 46.92508 49.26795
114.00000 47.04658 49.18628
114.12000 47.15405 49.08820
114.24000 47.24688 48.97490
114.36000 47.32138 48.84980
114.48000 47.37722 48.71429
114.60000 47.41251 48.57237
114.72000 47.42655 48.42708
114.84000 47.41930 48.28099
114.96000 47.39041 48.13760
115.08000 47.34077 48.00050
115.20000 47.27206 47.87193
115.32000 47.18455 47.75447
115.44000 47.08137 47.65187
115.56000 46.96356 47.56459
115.68000 46.83499 47.49619
115.80000 46.69708 47.44700
115.92000 46.55341 47.41860
116.04000 46.40757 47.41177
116.16000 46.26204 47.42599
116.28000 46.12008 47.46147
116.40000 45.98537 47.51770
116.52000 45.86059 47.59281
116.64000 45.74715 47.68561
116.76000 45.64980 47.79380
116.88000 45.56807 47.91562
117.00000 45.50582 48.04744
117.12000 45.46356 48.18729
117.24000 45.44186 48.33219
117.36000 45.44174 48.47856
117.48000 45.46328 48.62300
117.60000 45.50562 48.76257
117.72000 45.56798 48.89480
117.84000 45.64946 49.01633
117.96000 45.74708 49.12411
118.08000 45.86048 49.21722
118.20000 45.98529 49.29206
118.32000 46.12038 49.34810
118.44000 46.26249 49.38383
118.56000 46.40784 49.39803
118.68000 46.55375 49.39108
118.80000 46.69725 49.36286
118.92000 46.83480 49.31366
119.04000 46.96301 49.24490
119.16000 47.08074 49.15796
119.28000 47.18369 49.05459
119.40000 47.27103 48.93748
119.52000 47.33955 48.80881
119.64000 47.38920 48.67081
119.76000 47.41800 48.52742
119.88000 47.42512 48.38167
120.00000 47.41085 48.23632
120.12000 47.37562 48.09434
120.24000 47.31981 47.95922
120.36000 47.24482 47.83456
120.48000 47.15226 47.72116
120.60000 47.04405 47.62337
120.72000 46.92267 47.54166
120.84000 46.79087 47.47942
120.96000 46.65080 47.43662
121.08000 46.50590 47.41478
121.20000 46.35976 47.41463
121.32000 46.21549 47.43595
121.44000 46.07541 47.47782
121.56000 45.94307 47.54010
121.68000 45.82202 47.62129
121.80000 45.71331 47.71888
121.92000 45.62065 47.83194
122.04000 45.54497 47.95700
122.16000 45.48880 48.09173
122.28000 45.45299 48.23358
122.40000 45.43833 48.37903
122.52000 45.44489 48.52524
122.64000 45.47291 48.66883
122.76000 45.52203 48.80616
122.88000 45.59042 48.93486
123.00000 45.67716 49.05294
123.12000 45.78006 49.15577
123.24000 45.89735 49.24371
123.36000 46.02569 49.31256
123.48000 46.16333 49.36224
123.60000 46.30696 49.39143
123.72000 46.45294 49.39902
123.84000 46.59802 49.38487
123.96000 46.73991 49.35011
124.08000 46.87527 49.29476
124.20000 47.00027 49.21964
124.32000 47.11344 49.12771
124.44000 47.21193 49.01937
124.56000 47.29338 48.89862
124.68000 47.35608 48.76661
124.80000 47.39908 48.62655
124.92000 47.42126 48.48207
125.04000 47.42175 48.33588
125.16000 47.40040 48.19152
125.28000 47.35870 48.05164
125.40000 47.29686 47.91909
125.52000 47.21570 47.79778
125.64000 47.11840 47.68924
125.76000 47.00529 47.59613
125.88000 46.88070 47.52045
126.00000 46.74586 47.46416
126.12000 46.60408 47.42818
126.24000 46.45841 47.41304
126.36000 46.31226 47.41948
126.48000 46.16890 47.44746
126.60000 46.03148 47.49607
126.72000 45.90221 47.56426
126.84000 45.78439 47.65113
126.96000 45.68108 47.75352
127.08000 45.59314 47.87104
127.20000 45.52387 47.99918
127.32000 45.47389 48.13649
127.44000 45.44452 48.28001
127.56000 45.43671 48.42598
127.68000 45.45027 48.57135
127.80000 45.48479 48.71350
127.92000 45.54009 48.84883
128.04001 45.61477 48.97389
128.16000 45.70655 49.08760
128.28000 45.81462 49.18594
128.39999 45.93538 49.26800
128.52000 46.06704 49.33099
128.64000 46.20686 49.37408
128.75999 46.35153 49.39651
128.88000 46.49779 49.39743
129.00000 46.64237 49.37671
129.12000 46.78199 49.33500
129.24001 46.91444 49.27357
129.36000 47.03641 49.19273
129.48000 47.14467 49.09555
129.60001 47.23832 48.98285
129.72000 47.31379 48.85836
129.84000 47.37057 48.72333
129.96001 47.40689 48.58159
130.08000 47.42212 48.43637
130.20000 47.41594 48.29021
130.32001 47.38812 48.14666
130.44000 47.33957 48.00923
130.56000 47.27179 47.88002
130.68001 47.18512 47.76198
130.80000 47.08278 47.65858
130.92000 46.96556 47.57042
131.04001 46.83754 47.50101
131.16000 46.70004 47.45081
131.28000 46.55659 47.42134
131.39999 46.41078 47.41337
131.52000 46.26511 47.42648
131.64000 46.12289 47.46090
131.75999 45.98780 47.51611
131.88000 45.86241 47.59024
132.00000 45.74827 47.68220
132.12000 45.65012 47.78963
132.24001 45.56746 47.91082
132.36000 45.50425 48.04216
132.48000 45.46090 48.18171
132.60001 45.43810 48.32646
132.72000 45.43689 48.47281
132.84000 45.45737 48.61735
132.96001 45.49858 48.75731
133.08000 45.55993 48.89002
133.20000 45.64053 49.01205
133.32001 45.73730 49.12064
133.44000 45.85001 49.21452
133.56000 45.97423 49.29034
133.68001 46.10889 49.34735
133.80000 46.25070 49.38408
133.92000 46.39590 49.39936
134.04001 46.54194 49.39355
134.16000 46.68563 49.36634
134.28000 46.82343 49.31811
134.39999 46.95224 49.25041
134.52000 47.07064 49.16424
134.64000 47.17424 49.06178
134.75999 47.26254 48.94516
134.88000 47.33201 48.81709
135.00000 47.38264 48.67948
135.12000 47.41246 48.53624
135.24001 47.42064 48.39060
135.36000 47.40754 48.24505
135.48000 47.37336 48.10281
135.60001 47.31849 47.96736
135.72000 47.24450 47.84210
135.84000 47.15272 47.72796
135.96001 47.04532 47.62944
136.08000 46.92446 47.54677
136.20000 46.79317 47.48355
136.32001 46.65343 47.43970
136.44000 46.50868 47.41678
136.56000 46.36255 47.41554
136.68001 46.21809 47.43575
136.80000 46.07768 47.47657
136.92000 45.94488 47.53785
137.04001 45.82324 47.61812
137.16000 45.71376 47.71490
137.28000 45.62028 47.82725
137.39999 45.54364 47.95172
137.52000 45.48647 48.08604
137.64000 45.44960 48.22760
137.75999 45.43379 48.37299
137.88000 45.43925 48.51925
138.00000 45.46621 48.66301
138.12000 45.51430 48.80064
138.24001 45.58163 48.92997
138.36000 45.66755 49.04866
138.48000 45.76960 49.15226
138.60001 45.88627 49.24107
138.72000 46.01406 49.31084
138.84000 46.15132 49.36160
138.96001 46.29473 49.39183
139.08000 46.44059 49.40044
139.20000 46.58579 49.38747
139.32001 46.72800 49.35375
139.44000 46.86374 49.29935
139.56000 46.98915 49.22528
139.68001 47.10318 49.13408
139.80000 47.20233 49.02647
139.92000 47.28480 48.90631
140.04001 47.34839 48.77487
140.16000 47.39249 48.63514
140.28000 47.41572 48.49072
140.39999 47.41724 48.34457
140.52000 47.39698 48.20016
140.64000 47.35641 48.05984
140.75999 47.29551 47.92685
140.88000 47.21530 47.80507
141.00000 47.11877 47.69566
141.12000 47.00637 47.60183
141.24001 46.88231 47.52514
141.36000 46.74794 47.46787
141.48000 46.60641 47.43083
141.60001 46.46084 47.41459
141.72000 46.31465 47.41996
141.84000 46.17110 47.44688
141.96001 46.03330 47.49443
142.08000 45.90350 47.56166
142.20000 45.78505 47.64766
142.32001 45.68096 47.74927
142.44000 45.59216 47.86613
142.56000 45.52192 47.99372
142.68001 45.47093 48.13068
142.80000 45.44050 48.27398
142.92000 45.43164 48.41985
143.04001 45.44407 48.56536
143.16000 45.47753 48.70779
143.28000 45.53183 48.84350
143.39999 45.60553 48.96907
143.52000 45.69650 49.08358
143.64000 45.80378 49.18261
143.75999 45.92396 49.26569
143.88000 46.05513 49.32962
144.00000 46.19460 49.37376
144.12000 46.33916 49.39734
144.24001 46.48537 49.39931
144.36000 46.63001 49.37962
144.48000 46.77002 49.33907
144.60001 46.90302 49.27858
144.72000 47.02542 49.19860
144.84000 47.13453 49.10231
144.96001 47.22896 48.99023
145.08000 47.30548 48.86637
145.20000 47.36320 48.73185
145.32001 47.40055 48.59032
145.44000 47.41697 48.44518
145.56000 47.41186 48.29898
145.68001 47.38511 48.15530
145.80000 47.33767 48.01752
145.92000 47.27083 47.88772
146.04001 47.18501 47.76912
146.16000 47.08350 47.66492
146.28000 46.96689 47.57592
146.39999 46.83942 47.50552
146.52000 46.70234 47.45432
146.64000 46.55913 47.42379
146.75999 46.41336 47.41470
146.88000 46.26759 47.42673
147.00000 46.12513 47.46010
147.12000 45.98965 47.51431
147.24001 45.86368 47.58751
147.36000 45.74888 47.67862
147.48000 45.64993 47.78531
147.60001 45.56639 47.90586
147.72000 45.50224 48.03672
147.84000 45.45782 48.17596
147.96001 45.43397 48.32054
148.08000 45.43171 48.46685
148.20000 45.45115 48.61148
148.32001 45.49125 48.75183
148.44000 45.55163 48.88501
148.56000 45.63137 49.00753
148.68001 45.72731 49.11696
148.80000 45.83934 49.21161
148.92000 45.96298 49.28843
149.04001 46.09720 49.34642
149.16000 46.23872 49.38417
149.28000 46.38387 49.40064
149.39999 46.52999 49.39591
149.52000 46.67385 49.36974
149.64000 46.81187 49.32249
149.75999 46.94137 49.25587
149.88000 47.06040 49.17051
150.00000 47.16471 49.06895
150.12000 47.25396 48.95288
150.24001 47.32441 48.82541
150.36000 47.37605 48.68823
150.48000 47.40692 48.54514
150.60001 47.41616 48.39961
150.72000 47.40429 48.25391
150.84000 47.37116 48.11141
150.96001 47.31728 47.97566
151.08000 47.24431 47.84977
151.20000 47.15334 47.73493
151.32001 47.04677 47.63568
151.44000 46.92645 47.55206
151.56000 46.79568 47.48787
151.68001 46.65631 47.44298
151.80000 46.51173 47.41899
151.92000 46.36563 47.41666
152.04001 46.22100 47.43576
152.16000 46.08027 47.47554
152.28000 45.94703 47.53584
152.39999 45.82483 47.61518
152.52000 45.71460 47.71115
152.64000 45.62033 47.82279
152.75999 45.54274 47.94668
152.88000 45.48460 48.08056
153.00000 45.44670 48.22184
153.12000 45.42977 48.36715
153.24001 45.43417 48.51344
153.36000 45.46009 48.65736
153.48000 45.50710 48.79533
153.60001 45.57346 48.92523
153.72000 45.65857 49.04449
153.84000 45.75978 49.14888
153.96001 45.87585 49.23854
154.08000 46.00308 49.30923
154.20000 46.13999 49.36108
154.32001 46.28318 49.39236
154.44000 46.42892 49.40203
154.56000 46.57431 49.39024
154.68001 46.71683 49.35757
154.80000 46.85292 49.30415
154.92000 46.97883 49.23115
155.04001 47.09368 49.14071
155.16000 47.19349 49.03395
155.28000 47.27700 48.91430
155.39999 47.34151 48.78343
155.52000 47.38670 48.64402
155.64000 47.41101 48.49970
155.75999 47.41362 48.35362
155.88000 47.39454 48.20904
156.00000 47.35503 48.06834
156.12000 47.29510 47.93491
156.24001 47.21590 47.81262
156.36000 47.12014 47.70236
156.48000 47.00854 47.60779
156.60001 46.88498 47.53008
156.72000 46.75111 47.47184
156.84000 46.60988 47.43371
156.96001 46.46442 47.41638
157.08000 46.31819 47.42065
157.20000 46.17448 47.44651
157.32001 46.03629 47.49299
157.44000 45.90598 47.55925
157.56000 45.78695 47.64437
157.68001 45.68207 47.74517
157.80000 45.59243 47.86137
157.92000 45.52122 47.98841
158.04001 45.46922 48.12500
158.16000 45.43774 48.26807
158.28000 45.42780 48.41385
158.39999 45.43908 48.55951
158.52000 45.47149 48.70218
158.64000 45.52478 48.83825
158.75999 45.59749 48.96432
158.88000 45.68766 49.07958
159.00000 45.79412 49.17933
159.12000 45.91375 49.26336
159.24001 46.04440 49.32821
159.36000 46.18357 49.37347
159.48000 46.32799 49.39812
159.60001 46.47417 49.40117
159.72000 46.61886 49.38250
159.84000 46.75929 49.34311
159.96001 46.89281 49.28358
160.08000 47.01566 49.20451
160.20000 47.12561 49.10908
160.32001 47.22078 48.99765
160.44000 47.29832 48.87440
160.56000 47.35697 48.74039
160.68001 47.39535 48.59916
160.80000 47.41296 48.45402
160.92000 47.40892 48.30778
161.04001 47.38325 48.16397
161.16000 47.33693 48.02578
161.28000 47.27105 47.89539
161.39999 47.18610 47.77623
161.52000 47.08544 47.67118
161.64000 46.96946 47.58134
161.75999 46.84256 47.50991
161.88000 46.70590 47.45770
162.00000 46.56293 47.42610
162.12000 46.41721 47.41586
162.24001 46.27134 47.42678
162.36000 46.12866 47.45908
162.48000 45.99282 47.51225
162.60001 45.86625 47.58446
162.72000 45.75080 47.67473
162.84000 45.65106 47.78064
162.96001 45.56662 47.90057
163.08000 45.50151 48.03093
163.20000 45.45601 48.16984
163.32001 45.43109 48.31425
163.44000 45.42776 48.46050
163.56000 45.44615 48.60521
163.68001 45.48514 48.74594
163.80000 45.54453 48.87957
163.92000 45.62336 49.00254
164.04001 45.71848 49.11280
164.16000 45.82981 49.20819
164.28000 45.95288 49.28601
164.39999 46.08665 49.34496
164.52000 46.22786 49.38372
164.64000 46.37294 49.40137
164.75999 46.51913 49.39772
164.88000 46.66313 49.37257
165.00000 46.80139 49.32632
165.12000 46.93158 49.26077
165.24001 47.05119 49.17623
165.36000 47.15623 49.07555
165.48000 47.24638 48.96004
165.60001 47.31781 48.83316
165.72000 47.37042 48.69640
165.84000 47.40232 48.55349
165.96001 47.41274 48.40802
166.08000 47.40197 48.26217
166.20000 47.36991 48.11944
166.32001 47.31703 47.98336
166.44000 47.24508 47.85682
166.56000 47.15492 47.74128
166.68001 47.04918 47.64124
166.80000 46.92943 47.55668
166.92000 46.79920 47.49151
167.04001 46.66018 47.44555
167.16000 46.51579 47.42046
167.28000 46.36972 47.41703
167.39999 46.22492 47.43498
167.52000 46.08388 47.47370
167.64000 45.95021 47.53299
167.75999 45.82745 47.61137
167.88000 45.71645 47.70652
168.00000 45.62139 47.81742
168.12000 45.54283 47.94072
168.24001 45.48372 48.07415
168.36000 45.44479 48.21511
168.48000 45.42670 48.36033
168.60001 45.43002 48.50663
168.72000 45.45491 48.65069
168.84000 45.50082 48.78898
168.96001 45.56621 48.91944
169.08000 45.65049 49.03926
169.20000 45.75086 49.14443
169.32001 45.86631 49.23491
169.44000 45.99298 49.30656
169.56000 46.12950 49.35942
169.68001 46.27244 49.39172
169.80000 46.41806 49.40243
169.92000 46.56365 49.39183
170.04001 46.70643 49.36019
170.16000 46.84285 49.30772
170.28000 46.96930 49.23578
170.39999 47.08490 49.14610
170.52000 47.18536 49.04021
170.64000 47.26988 48.92105
170.75999 47.33531 48.79073
170.88000 47.38156 48.65167
171.00000 47.40694 48.50746
171.12000 47.41061 48.36144
171.24001 47.39271 48.21669
171.36000 47.35423 48.07564
171.48000 47.29527 47.94179
171.60001 47.21706 47.81895
171.72000 47.12207 47.70787
171.84000 47.01126 47.61256
171.96001 46.88821 47.53385
172.08000 46.75481 47.47461
172.20000 46.61388 47.43540
172.32001 46.46853 47.41696
172.44000 46.32228 47.42015
172.56000 46.17840 47.44492
172.68001 46.03981 47.49032
172.80000 45.90899 47.55558
172.92000 45.78938 47.63982
173.04001 45.68368 47.73980
173.16000 45.59320 47.85532
173.28000 45.52101 47.98180
173.39999 45.46799 48.11799
173.52000 45.43546 48.26080
173.64000 45.42446 48.40646
173.75999 45.43458 48.55227
173.88000 45.46595 48.69518
174.00000 45.51823 48.83158
174.12000 45.58990 48.95825
174.24001 45.67930 49.07420
174.36000 45.78490 49.17470
174.48000 45.90400 49.25967
174.60001 46.03410 49.32545
174.72000 46.17294 49.37181
174.84000 46.31720 49.39753
174.96001 46.46332 49.40164
175.08000 46.60807 49.38401
175.20000 46.74894 49.34577
175.32001 46.88294 49.28722
175.44000 47.00622 49.20907
175.56000 47.11705 49.11449
175.68001 47.21295 49.00377
175.80000 47.29151 48.88111
175.92000 47.35110 48.74762
176.04001 47.39058 48.60667
176.16000 47.40929 48.46158
176.28000 47.40633 48.31534
176.40001 47.38174 48.17141
176.52000 47.33652 48.03281
176.64000 47.27159 47.90189
176.75999 47.18752 47.78219
176.88000 47.08768 47.67632
177.00000 46.97236 47.58567
177.12000 46.84602 47.51324
177.24001 46.70979 47.46003
177.36000 46.56708 47.42738
177.48000 46.42140 47.41600
177.60001 46.27544 47.42584
177.72000 46.13253 47.45708
177.84000 45.99633 47.50924
177.96001 45.86915 47.58045
178.08000 45.75304 47.66989
178.20000 45.65250 47.77499
178.32001 45.56717 47.89431
178.44000 45.50111 48.02415
178.56000 45.45452 48.16275
178.68001 45.42852 48.30697
178.80000 45.42414 48.45317
178.92000 45.44143 48.59797
179.04001 45.47931 48.73909
179.16000 45.53770 48.87318
179.28000 45.61559 48.99660
179.40001 45.70988 49.10775
179.52000 45.82050 49.20385
179.64000 45.94296 49.28270
179.75999 46.07624 49.34261
179.88000 46.21712 49.38239
180.00000 46.36216 49.40124
180.12000 46.50839 49.39867
180.24001 46.65252 49.37456
180.36000 46.79108 49.32942
180.48000 46.92191 49.26485
180.60001 47.04207 49.18116
180.72000 47.14790 49.08137
180.84000 47.23890 48.96646
180.96001 47.31134 48.84018
181.08000 47.36494 48.70387
181.20000 47.39790 48.56117
181.32001 47.40947 48.41573
181.44000 47.39979 48.26979
181.56000 47.36880 48.12687
181.68001 47.31691 47.99051
181.80000 47.24599 47.86332
181.92000 47.15665 47.74713
182.04001 47.05173 47.64634
182.16000 46.93255 47.56089
182.28000 46.80285 47.49474
182.40001 46.66420 47.44775
182.52000 46.52002 47.42160
182.64000 46.37399 47.41711
182.75999 46.22902 47.43395
182.88000 46.08769 47.47163
183.00000 45.95361 47.52993
183.12000 45.83030 47.60739
183.24001 45.71856 47.70174
183.36000 45.62275 47.81190
183.48000 45.54324 47.93463
183.60001 45.48317 48.06761
183.72000 45.44322 48.20828
183.84000 45.42399 48.35342
183.96001 45.42624 48.49976
184.08000 45.45008 48.64396
184.20000 45.49490 48.78263
184.32001 45.55930 48.91367
184.44000 45.64273 49.03405
184.56000 45.74225 49.14004
184.68001 45.85707 49.23136
184.80000 45.98315 49.30402
184.92000 46.11926 49.35788
185.04001 46.26194 49.39124
185.16000 46.40744 49.40302
185.28000 46.55321 49.39362
185.40001 46.69623 49.36303
185.52000 46.83295 49.31154
185.64000 46.96000 49.24067
185.75999 47.07633 49.15177
185.88000 47.17749 49.04678
186.00000 47.26300 48.92812
186.12000 47.32937 48.79839
186.24001 47.37670 48.65968
186.36000 47.40314 48.51561
186.48000 47.40789 48.36969
186.60001 47.39118 48.22477
186.72000 47.35375 48.08341
186.84000 47.29576 47.94918
186.96001 47.21856 47.82579
187.08000 47.12433 47.71392
187.20000 47.01433 47.61789
187.32001 46.89178 47.53817
187.44000 46.75888 47.47797
187.56000 46.61825 47.43768
187.68001 46.47303 47.41815
187.80000 46.32677 47.42027
187.92000 46.18276 47.44398
188.04001 46.04378 47.48830
188.16000 45.91246 47.55260
188.28000 45.79230 47.63595
188.40001 45.68579 47.73513
188.52000 45.59450 47.84997
188.64000 45.52133 47.97590
188.75999 45.46731 48.11170
188.88000 45.43374 48.25425
189.00000 45.42167 48.39980
189.12000 45.43064 48.54575
189.24001 45.46096 48.68888
189.36000 45.51224 48.82561
189.48000 45.58288 48.95286
189.60001 45.67149 49.06948
189.72000 45.77625 49.17071
189.84000 45.89479 49.25659
189.96001 46.02436 49.32330
190.08000 46.16287 49.37073
190.20000 46.30693 49.39750
190.32001 46.45297 49.40266
190.44000 46.59779 49.38607
190.56000 46.73908 49.34895
190.68001 46.87351 49.29135
190.80000 46.99722 49.21415
190.92000 47.10892 49.12036
191.04001 47.20555 49.01034
191.16000 47.28512 48.88826
191.28000 47.34565 48.75528
191.40001 47.38623 48.61462
191.52000 47.40602 48.46959
191.64000 47.40413 48.32336
191.75999 47.38061 48.17931
191.88000 47.33651 48.04029
192.00000 47.27253 47.90884
192.12000 47.18935 47.78863
192.24001 47.09034 47.68189
192.36000 46.97569 47.59045
192.48000 46.84990 47.51700
192.60001 46.71412 47.46280
192.72000 46.57169 47.42907
192.84000 46.42605 47.41656
192.96001 46.28000 47.42532
193.08000 46.13689 47.45550
193.20000 46.00036 47.50663
193.32001 45.87255 47.57684
193.44000 45.75580 47.66545
193.56000 45.65446 47.76974
193.68001 45.56824 47.88845
193.80000 45.50123 48.01776
193.92000 45.45356 48.15601
194.04001 45.42650 48.30004
194.16000 45.42105 48.44616
194.28000 45.43721 48.59109
194.40001 45.47403 48.73253
194.52000 45.53144 48.86703
194.64000 45.60836 48.99090
194.75999 45.70186 49.10287
194.88000 45.81176 49.19967
195.00000 45.93364 49.27952
195.12000 46.06645 49.34036
195.24001 46.20699 49.38115
195.36000 46.35197 49.40117
195.48000 46.49821 49.39964
195.60001 46.64243 49.37655
195.72000 46.78135 49.33252
195.84000 46.91276 49.26889
195.96001 47.03342 49.18603
196.08000 47.14006 49.08710
196.20000 47.23187 48.97279
196.32001 47.30532 48.84710
196.44000 47.35987 48.71123
196.56000 47.39388 48.56880
196.68001 47.40660 48.42334
196.80000 47.39803 48.27732
196.92000 47.36808 48.13419
197.04001 47.31723 47.99751
197.16000 47.24730 47.86964
197.28000 47.15880 47.75280
197.40001 47.05471 47.65122
197.52000 46.93613 47.56487
197.64000 46.80696 47.49771
197.75999 46.66868 47.44969
197.88000 46.52468 47.42246
198.00000 46.37872 47.41686
198.12000 46.23358 47.43255
198.24001 46.09194 47.46916
198.36000 45.95745 47.52645
198.48000 45.83357 47.60293
198.60001 45.72106 47.69645
198.72000 45.62446 47.80583
198.84000 45.54398 47.92798
198.96001 45.48292 48.06048
199.08000 45.44193 48.20081
199.20000 45.42155 48.34585
199.32001 45.42273 48.49216
199.44000 45.44553 48.63645
199.56000 45.48922 48.77548
199.68001 45.55267 48.90704
199.80000 45.63525 49.02792
199.92000 45.73393 49.13470
200.04001 45.84811 49.22681
200.16000 45.97363 49.30046
200.28000 46.10932 49.35528
200.40001 46.25173 49.38967
200.52000 46.39711 49.40252
200.64000 46.54305 49.39427
200.75999 46.68629 49.36470
200.88000 46.82328 49.31418
201.00000 46.95095 49.24434
201.12000 47.06796 49.15623
201.24001 47.16982 49.05209
201.36000 47.25628 48.93396
201.48000 47.32361 48.80478
201.60001 47.37196 48.66645
201.72000 47.39945 48.52253
201.84000 47.40527 48.37667
201.96001 47.38973 48.23156
202.08000 47.35335 48.08990
202.20000 47.29633 47.95527
202.32001 47.22012 47.83131
202.44000 47.12669 47.71867
202.56000 47.01748 47.62187
202.68001 46.89547 47.54119
202.80000 46.76305 47.48000
202.92000 46.62272 47.43862
203.04001 46.47764 47.41799
203.16000 46.33137 47.41901
203.28000 46.18722 47.44165
203.40001 46.04784 47.48486
203.52000 45.91602 47.54817
203.64000 45.79532 47.63062
203.75999 45.68799 47.72897
203.88000 45.59590 47.84311
204.00000 45.52174 47.96847
204.12000 45.46673 48.10386
204.24001 45.43211 48.24614
204.36000 45.41890 48.39161
204.48000 45.42677 48.53765
204.60001 45.45605 48.68098
204.72000 45.50633 48.81802
204.84000 45.57592 48.94589
204.96001 45.66374 49.06317
205.08000 45.76764 49.16514
205.20000 45.88562 49.25194
205.32001 46.01464 49.31958
205.44000 46.15279 49.36811
205.56000 46.29667 49.39595
205.68001 46.44264 49.40216
205.80000 46.58761 49.38676
205.92000 46.72924 49.35070
206.04001 46.86407 49.29407
206.16000 46.98824 49.21791
206.28000 47.10079 49.12487
206.40001 47.19811 49.01561
206.52000 47.27869 48.89409
206.64000 47.34015 48.76165
206.75999 47.38182 48.62130
206.88000 47.40267 48.47635
207.00000 47.40186 48.33014
207.12000 47.37941 48.18599
207.24001 47.33642 48.04656
207.36000 47.27340 47.91461
207.48000 47.19110 47.79388
207.60001 47.09292 47.68631
207.72000 46.97894 47.59409
207.84000 46.85371 47.51964
207.96001 46.71836 47.46444
208.08000 46.57619 47.42966
208.20000 46.43061 47.41601
208.32001 46.28450 47.42369
208.44000 46.14120 47.45282
208.56000 46.00431 47.50288
208.68001 45.87595 47.57213
208.80000 45.75859 47.65990
208.92000 45.65646 47.76339
209.04001 45.56940 47.88150
209.16000 45.50145 48.01028
209.28000 45.45272 48.14819
209.40001 45.42460 48.29202
209.52000 45.41810 48.43806
209.64000 45.43312 48.58315
209.75999 45.46890 48.72491
209.88000 45.52533 48.85982
210.00000 45.60125 48.98415
210.12000 45.69400 49.09697
210.24001 45.80307 49.19444
210.36000 45.92444 49.27534
210.48000 46.05675 49.33713
210.60001 46.19696 49.37897
210.72000 46.34186 49.40014
210.84000 46.48808 49.39970
210.96001 46.63241 49.37763
211.08000 46.77171 49.33475
211.20000 46.90368 49.27207
211.32001 47.02482 49.19008
211.44000 47.13229 49.09201
211.56000 47.22490 48.97833
211.68001 47.29934 48.85323
211.80000 47.35486 48.71783
211.92000 47.38990 48.57568
212.04001 47.40377 48.43023
212.16000 47.39631 48.28417
212.28000 47.36737 48.14086
212.40001 47.31755 48.00386
212.52000 47.24860 47.87538
212.64000 47.16093 47.75795
212.75999 47.05764 47.65558
212.88000 46.93966 47.56836
213.00000 46.81102 47.50022
213.12000 46.67312 47.45119
213.24001 46.52935 47.42289
213.36000 46.38343 47.41624
213.48000 46.23814 47.43081
213.60001 46.09622 47.46639
213.72000 45.96135 47.52269
213.84000 45.83691 47.59820
213.96001 45.72367 47.69093
214.08000 45.62632 47.79955
214.20000 45.54489 47.92112
214.32001 45.48288 48.05315
214.44000 45.44081 48.19319
214.56000 45.41934 48.33810
214.68001 45.41946 48.48442
214.80000 45.44123 48.62881
214.92000 45.48380 48.76824
215.04001 45.54627 48.90034
215.16000 45.62800 49.02172
215.28000 45.72581 49.12934
215.40001 45.83934 49.22224
215.52000 45.96427 49.29689
215.64000 46.09951 49.35270
215.75999 46.24164 49.38812
215.88000 46.38699 49.40214
216.00000 46.53302 49.39499
216.12000 46.67645 49.36645
216.24001 46.81371 49.31693
216.36000 46.94203 49.24815
216.48000 47.05969 49.16085
216.60001 47.16227 49.05758
216.72000 47.24965 48.93999
216.84000 47.31795 48.81139
216.96001 47.36729 48.67345
217.08000 47.39583 48.52975
217.20000 47.40270 48.38395
217.32001 47.38832 48.23867
217.44000 47.35297 48.09674
217.56000 47.29692 47.96176
217.68001 47.22167 47.83721
217.80000 47.12903 47.72387
217.92000 47.02064 47.62633
218.04001 46.89914 47.54472
218.16000 46.76722 47.48259
218.28000 46.62720 47.44017
218.40001 46.48227 47.41849
218.52000 46.33601 47.41846
218.64000 46.19174 47.44007
218.75999 46.05197 47.48221
218.88000 45.91967 47.54456
219.00000 45.79846 47.62615
219.12000 45.69031 47.72369
219.24001 45.59742 47.83717
219.36000 45.52229 47.96197
219.48000 45.46629 48.09695
219.60001 45.43064 48.23896
219.72000 45.41628 48.38438
219.84000 45.42309 48.53050
219.96001 45.45133 48.67402
220.08000 45.50060 48.81135
220.20000 45.56916 48.93985
220.32001 45.65617 49.05775
220.44000 45.75924 49.16047
220.56000 45.87664 49.24815
220.68001 46.00510 49.31671
220.80000 46.14290 49.36629
220.92000 46.28657 49.39518
221.04001 46.43245 49.40243
221.16000 46.57760 49.38820
221.28000 46.71956 49.35318
221.40001 46.85477 49.29750
221.52000 46.97945 49.22238
221.64000 47.09281 49.13010
221.75999 47.19080 49.02169
221.88000 47.27240 48.90064
222.00000 47.33479 48.76873
222.12000 47.37753 48.62869
222.24001 47.39946 48.48386
222.36000 47.39970 48.33768
222.48000 47.37830 48.19344
222.60001 47.33643 48.05358
222.72000 47.27435 47.92115
222.84000 47.19294 47.79994
222.96001 47.09558 47.69151
223.08000 46.98228 47.59852
223.20000 46.85761 47.52307
223.32001 46.72271 47.46690
223.44000 46.58083 47.43109
223.56000 46.43528 47.41632
223.68001 46.28913 47.42290
223.80000 46.14565 47.45099
223.92000 46.00840 47.49999
224.04001 45.87945 47.56828
224.16000 45.76148 47.65522
224.28000 45.65857 47.75790
224.40001 45.57064 47.87537
224.52000 45.50177 48.00365
224.64000 45.45198 48.14118
224.75999 45.42282 48.28479
224.88000 45.41527 48.43074
225.00000 45.42915 48.57597
225.12000 45.46389 48.71803
225.24001 45.51935 48.85331
225.36000 45.59428 48.97815
225.48000 45.68626 49.09174
225.60001 45.79452 49.18990
225.72000 45.91538 49.27177
225.84000 46.04718 49.33448
225.96001 46.18709 49.37740
226.08000 46.33187 49.39962
226.20000 46.47808 49.40024
226.32001 46.62249 49.37918
226.44000 46.76220 49.33742
226.56000 46.89471 49.27569
226.68001 47.01631 49.19457
226.80000 47.12465 49.09735
226.92000 47.21802 48.98431
227.04001 47.29350 48.85978
227.16000 47.34998 48.72485
227.28000 47.38606 48.58299
227.40001 47.40110 48.43754
227.52000 47.39474 48.29142
227.64000 47.36686 48.14793
227.75999 47.31811 48.01057
227.88000 47.25013 47.88148
228.00000 47.16333 47.76344
228.12000 47.06086 47.66027
228.24001 46.94350 47.57219
228.36000 46.81540 47.50303
228.48000 46.67788 47.45298
228.60001 46.53435 47.42361
228.72000 46.38851 47.41587
228.84000 46.24305 47.42929
228.96001 46.10088 47.46382
229.08000 45.96563 47.51913
229.20000 45.84062 47.59364
229.32001 45.72668 47.68557
229.44000 45.62857 47.79340
229.56000 45.54623 47.91441
229.68001 45.48328 48.04595
229.80000 45.44013 48.18568
229.92000 45.41759 48.33044
230.04001 45.41666 48.47673
230.16000 45.43739 48.62121
230.28000 45.47887 48.76102
230.40001 45.54038 48.89362
230.52000 45.62124 49.01545
230.64000 45.71823 49.12390
230.75999 45.83109 49.21755
230.88000 45.95545 49.29319
231.00000 46.09026 49.34995
231.12000 46.23210 49.38636
231.24001 46.37740 49.40153
231.36000 46.52351 49.39544
231.48000 46.66711 49.36792
231.60001 46.80463 49.31937
231.72000 46.93363 49.25161
231.84000 47.05191 49.16512
231.96001 47.15524 49.06269
232.08000 47.24353 48.94567
232.20000 47.31283 48.81762
232.32001 47.36319 48.68007
232.44000 47.39279 48.53658
232.56000 47.40074 48.39082
232.68001 47.38757 48.24537
232.80000 47.35326 48.10314
232.92000 47.29821 47.96779
233.04001 47.22398 47.84262
233.16000 47.13215 47.72854
233.28000 47.02458 47.63023
233.40001 46.90364 47.54765
233.52000 46.77223 47.48454
233.64000 46.63253 47.44102
233.75999 46.48777 47.41824
233.88000 46.34154 47.41712
234.00000 46.19718 47.43765
234.12000 46.05702 47.47868
234.24001 45.92427 47.54004
234.36000 45.80257 47.62069
234.48000 45.69361 47.71743
234.60001 45.59997 47.83021
234.72000 45.52386 47.95443
234.84000 45.46691 48.08897
234.96001 45.43025 48.23069
235.08000 45.41476 48.37604
235.20000 45.42051 48.52221
235.32001 45.44774 48.66589
235.44000 45.49603 48.80347
235.56000 45.56356 48.93261
235.68001 45.64978 49.05111
235.80000 45.75200 49.15459
235.92000 45.86884 49.24313
236.04001 45.99675 49.31265
236.16000 46.13418 49.36327
236.28000 46.27763 49.39319
236.40001 46.42344 49.40149
236.52000 46.56876 49.38842
236.64000 46.71100 49.35443
236.75999 46.84657 49.29972
236.88000 46.97181 49.22561
237.00000 47.08595 49.13409
237.12000 47.18465 49.02651
237.24001 47.26727 48.90596
237.36000 47.33061 48.77458
237.48000 47.37446 48.63485
237.60001 47.39749 48.49016
237.72000 47.39882 48.34399
237.84000 47.37850 48.19964
237.96001 47.33775 48.05936
238.08000 47.27665 47.92648
238.20000 47.19622 47.80477
238.32001 47.09964 47.69550
238.44000 46.98709 47.60176
238.56000 46.86296 47.52531
238.68001 46.72852 47.46817
238.80000 46.58693 47.43132
238.92000 46.44146 47.41540
239.04001 46.29526 47.42091
239.16000 46.15162 47.44796
239.28000 46.01400 47.49587
239.40001 45.88448 47.56320
239.52000 45.76593 47.64930
239.64000 45.66222 47.75116
239.75999 45.57344 47.86800
239.88000 45.50360 47.99573
